0,0,1
0,1,1
0,2,1
0,3,0
0,4,0
0,5,0
0,6,0
0,7,0
0,8,1
1,0,1
1,1,1
1,2,1
1,3,1
1,4,1
1,5,0
1,6,1
1,7,0
1,8,0
2,0,1
2,1,1
2,2,1
2,3,0
3,0,1
3,1,1
4,0,1
4,1,1
4,2,1
4,3,1
4,4,0
4,5,1
4,6,0
5,0,0
5,1,0
5,2,1
5,3,0
5,4,1
5,5,1
5,6,0
6,0,0
6,1,0
6,2,1
6,3,0
6,4,1
6,5,0
6,6,0
6,7,1
6,8,0
7,0,0
7,1,0
8,0,0
8,1,0
8,2,0
8,3,1
8,4,0
8,5,0
8,6,0
8,7,1
8,8,1
9,0,1
10,0,0
10,1,0
10,2,1
10,3,1
10,4,1
10,5,1
10,6,1
10,7,1
10,9,0
11,0,1
11,1,1
11,2,1
11,3,1
11,4,1
11,5,1
12,0,0
12,1,0
12,2,0
12,3,0
12,4,0
12,5,0
12,6,0
12,7,0
13,0,0
13,1,1
13,2,0
14,0,1
14,1,0
14,2,0
14,3,1
14,4,1
14,5,0
14,6,0
15,0,1
15,1,1
15,2,1
15,3,1
15,4,1
15,5,1
15,6,1
15,7,1
15,8,0
16,0,0
16,1,0
16,2,0
16,3,1
16,4,1
16,5,1
16,6,1
16,7,0
17,0,1
17,1,1
17,2,0
17,3,0
18,0,0
18,1,1
18,2,0
18,3,0
18,4,0
18,5,0
18,6,0
19,0,1
19,1,0
19,2,1
19,3,1
19,4,0
19,5,1
19,6,1
19,7,0
20,0,1
20,1,1
20,2,1
20,3,0
20,4,1
20,5,1
20,6,0
20,7,0
20,8,0
21,0,1
21,1,0
21,2,0
21,3,1
21,4,1
21,5,0
21,6,1
21,7,0
21,8,0
21,9,1
22,0,1
22,1,1
22,2,1
22,3,1
22,4,1
22,5,1
22,6,0
22,7,0
22,8,0
22,9,0
22,10,0
22,11,0
23,0,0
23,1,1
23,2,1
23,3,1
23,4,1
24,0,0
24,1,1
24,2,0
24,3,0
25,0,0
25,1,1
25,2,1
25,3,0
25,4,0
26,0,0
26,1,1
26,2,0
26,3,0
26,4,0
27,0,0
27,1,1
27,2,0
27,3,0
27,4,0
27,5,1
27,6,1
27,7,1
27,8,1
27,9,0
28,0,0
28,1,1
29,0,0
29,1,0
29,2,0
30,0,1
30,1,0
30,2,1
30,3,0
30,4,1
31,0,0
31,1,0
31,2,0
31,3,0
31,5,0
31,6,0
31,7,0
32,0,0
32,1,1
32,2,1
32,3,0
32,4,0
32,5,0
32,6,1
33,0,1
33,1,0
33,2,1
33,3,0
33,4,0
33,5,0
33,6,0
33,7,1
33,8,1
33,9,0
34,0,1
34,1,0
34,2,0
34,3,0
34,4,1
34,5,0
34,6,0
34,7,0
35,0,1
35,1,0
35,2,1
35,3,1
35,4,1
35,5,0
35,6,1
36,0,1
36,1,1
36,2,1
36,3,0
36,4,1
37,0,1
37,1,0
37,2,0
37,3,1
37,4,1
37,5,1
38,0,0
38,1,1
38,2,0
38,3,1
38,4,0
38,5,1
38,6,0
38,7,1
39,0,0
39,1,0
39,2,1
39,3,0
39,4,1
39,5,1
40,0,0
40,1,1
40,2,1
41,0,1
41,1,0
41,2,0
41,3,0
42,0,1
42,1,0
42,2,1
42,3,1
43,0,0
43,1,0
43,2,0
43,3,1
43,4,1
43,5,0
44,0,1
44,1,0
45,0,1
45,1,0
45,2,1
45,4,1
45,5,1
45,6,1
46,0,1
46,1,1
46,2,0
46,3,0
46,4,1
46,5,0
47,0,0
47,1,1
47,2,1
47,3,0
47,4,1
47,5,0
48,0,0
48,1,0
48,2,0
48,3,0
48,4,1
48,5,1
48,6,0
49,0,1
49,1,1
49,2,0
50,0,1
50,1,1
50,2,0
50,3,1
50,4,1
51,0,1
51,1,1
51,2,0
51,3,0
51,4,1
51,5,1
52,0,1
52,1,0
52,2,1
53,0,0
53,1,1
53,2,1
53,3,0
53,4,1
54,0,0
54,1,1
55,0,0
55,1,1
55,2,1
55,3,1
55,4,0
55,5,0
56,0,0
56,1,1
56,2,1
56,3,0
56,4,0
56,5,1
57,0,0
57,1,1
57,2,1
57,3,0
57,4,1
57,5,0
57,6,1
58,0,1
58,1,1
58,2,0
58,3,1
58,4,1
58,5,1
58,6,0
58,7,0
59,0,1
59,1,1
60,0,1
60,1,1
60,2,0
60,3,0
60,4,1
60,5,0
60,6,1
61,0,1
61,1,1
61,2,1
61,3,0
61,4,1
61,5,0
61,6,0
62,0,1
62,1,1
62,2,0
62,3,0
62,4,0
62,5,1
62,6,1
62,7,0
62,8,1
63,0,0
63,1,0
63,2,1
63,3,0
63,4,1
63,5,1
63,6,1
63,7,1
64,0,1
64,1,0
64,2,1
64,3,0
64,4,0
64,5,0
65,0,1
65,1,0
65,2,1
65,3,0
65,4,0
65,5,0
66,0,0
66,1,1
66,2,1
66,3,1
66,4,0
66,5,1
66,6,0
66,7,1
66,8,1
66,9,0
66,10,0
67,0,0
67,1,1
67,2,1
67,3,1
67,4,0
67,5,1
67,6,1
67,7,0
68,0,0
68,1,0
68,2,0
68,3,1
68,4,0
68,5,1
68,6,0
68,7,0
68,8,0
69,0,0
69,1,0
69,2,1
69,3,1
69,4,0
69,5,0
70,0,1
70,1,1
70,2,0
70,3,1
70,4,1
70,5,1
71,0,1
71,1,1
71,2,0
71,3,1
71,4,1
71,5,0
72,0,0
72,1,0
72,2,0
72,3,0
72,4,1
72,5,0
72,6,1
73,0,1
73,1,0
73,2,1
73,3,1
73,4,0
73,5,1
73,6,0
73,7,0
73,8,1
73,9,0
73,10,0
74,0,1
74,1,0
74,2,0
74,3,0
74,4,1
74,5,1
75,0,1
75,1,0
75,2,1
75,3,1
75,4,1
75,5,0
76,0,1
76,1,0
76,2,1
76,3,1
76,4,0
76,5,1
76,6,1
77,0,1
77,1,0
77,2,0
77,3,0
77,4,0
77,5,0
77,6,0
77,7,1
77,8,0
77,9,0
78,0,0
78,1,1
78,2,0
78,3,0
78,4,1
78,5,0
78,6,1
78,7,0
78,8,0
78,9,0
79,0,0
79,1,1
79,2,1
79,3,1
80,0,0
80,1,0
80,2,1
80,3,1
80,4,0
80,5,1
80,6,0
80,7,1
80,8,0
80,9,0
80,10,1
81,0,1
81,1,0
81,2,1
81,3,0
81,4,0
81,5,1
82,0,0
82,1,1
82,2,1
82,3,0
82,4,1
82,5,0
82,6,0
83,0,1
83,1,0
83,2,0
83,3,0
83,4,0
83,5,1
84,0,1
84,1,1
84,2,0
84,3,1
84,4,1
84,5,0
84,6,0
85,0,0
85,1,0
85,2,1
85,3,0
85,4,1
85,5,1
85,6,1
85,7,0
86,0,0
86,1,0
86,2,0
86,3,0
86,4,0
87,0,1
87,1,1
87,2,1
87,3,1
87,4,1
87,5,1
87,6,1
87,7,0
87,8,1
87,9,0
87,10,1
87,11,1
88,0,1
88,1,0
88,2,1
88,3,1
88,4,0
88,5,1
88,6,0
89,0,0
89,1,1
89,2,1
89,3,1
89,4,0
89,5,1
89,6,1
89,7,1
90,0,0
90,1,1
90,2,0
90,3,1
90,4,1
90,5,0
91,0,0
91,1,0
91,2,1
91,3,1
91,4,0
92,0,0
92,1,1
92,2,0
92,3,0
92,4,0
92,5,1
93,0,1
93,1,0
93,2,1
93,3,1
93,4,0
94,0,0
94,1,0
94,2,1
94,3,1
94,4,1
94,5,1
94,6,1
95,0,0
95,1,1
95,2,1
95,3,1
95,4,1
95,5,0
95,6,1
95,7,0
95,8,0
95,9,1
95,10,1
95,11,1
96,0,0
96,1,1
96,2,1
96,3,1
96,4,0
97,0,0
97,1,0
97,2,0
97,3,0
97,4,0
97,5,1
97,6,0
98,0,0
98,1,0
98,2,1
98,3,1
98,4,0
98,5,1
98,6,1
99,0,1
99,1,0
99,2,1
99,3,1
99,4,1
99,5,0
100,0,0
100,1,0
100,2,1
100,3,0
101,0,1
101,1,0
101,2,1
101,3,1
101,4,1
101,5,1
102,0,1
102,1,0
102,2,0
102,3,0
103,0,1
103,1,0
103,2,0
103,3,0
103,4,0
103,5,1
103,6,0
103,7,1
104,0,0
104,1,1
104,2,0
104,4,1
104,5,0
105,0,1
105,1,1
105,2,1
105,3,0
105,4,0
105,5,0
105,6,0
105,7,1
106,0,1
106,1,0
106,2,0
106,3,1
106,4,0
106,5,1
106,6,0
106,7,0
106,8,1
107,0,1
107,1,0
107,2,1
107,3,1
108,0,0
108,1,1
108,2,0
108,3,1
108,4,0
108,5,1
108,6,1
109,0,1
109,1,1
109,2,0
109,3,0
109,4,0
110,0,1
110,1,1
110,2,1
110,3,1
111,0,0
111,1,0
111,2,1
111,3,1
111,4,0
111,5,0
111,7,0
112,0,1
112,1,1
112,2,1
112,3,1
113,0,1
113,1,1
113,2,0
113,3,0
114,0,1
114,1,1
114,2,0
114,3,0
114,4,0
114,5,0
114,6,0
115,0,1
115,1,0
115,2,0
115,3,0
115,4,0
115,5,0
115,6,1
116,0,1
116,1,1
117,0,1
117,1,0
117,2,0
117,3,1
117,4,0
117,5,0
117,6,1
117,7,1
118,0,0
118,1,1
118,2,0
118,3,1
118,4,1
118,5,1
118,6,0
119,0,1
119,1,0
119,2,1
119,3,1
119,4,0
119,5,1
119,6,1
119,7,0
119,8,0
119,9,0
119,10,0
119,11,0
119,12,1
120,0,1
120,1,1
120,2,1
120,3,0
120,4,1
120,5,0
120,6,0
121,0,1
121,1,0
121,2,1
121,3,1
121,4,0
121,5,1
121,6,1
121,7,1
121,8,0
121,9,1
122,0,0
122,1,0
122,2,0
122,3,1
122,5,1
122,6,0
122,7,1
122,8,1
123,0,1
123,1,1
123,2,0
123,3,1
123,4,0
123,5,1
124,0,0
124,1,0
124,2,0
124,3,0
125,0,1
125,1,1
125,2,0
125,3,1
125,4,0
125,5,0
126,0,1
126,1,0
126,2,1
126,3,1
126,4,1
126,5,0
126,6,0
126,7,0
127,0,0
127,1,1
127,2,0
127,3,0
127,4,1
128,0,0
128,1,0
128,2,1
128,3,0
128,4,0
128,5,0
129,0,1
129,1,1
129,2,0
129,3,0
129,4,1
129,5,1
129,6,0
129,7,0
130,0,1
130,1,1
130,2,0
130,3,0
130,4,1
130,5,0
130,6,1
130,7,1
130,8,0
131,0,1
131,1,1
131,2,0
131,3,0
131,4,0
131,5,0
131,6,1
131,7,0
132,0,1
132,1,0
132,2,0
132,3,1
132,4,1
132,5,0
132,6,0
133,0,0
133,1,1
133,2,0
133,3,0
133,4,0
134,0,1
134,1,0
134,2,1
134,3,1
134,4,0
135,0,0
135,1,1
135,2,0
135,3,0
135,4,1
135,5,1
136,0,0
136,1,0
136,2,0
136,3,1
136,4,1
136,5,0
137,0,0
137,1,0
137,2,0
137,3,1
137,4,1
138,0,1
138,1,1
138,2,0
138,3,0
138,4,1
138,5,0
138,6,0
138,7,0
138,8,0
139,0,1
139,1,1
139,2,0
139,3,1
139,4,0
139,5,0
140,0,1
140,1,0
140,2,1
140,3,0
141,0,1
141,1,0
141,2,0
141,3,1
141,4,1
141,5,1
141,6,1
141,7,0
141,8,0
141,9,1
142,0,0
142,1,1
142,2,1
143,0,1
143,1,0
143,2,1
143,3,1
143,4,0
144,0,0
144,1,1
144,2,0
144,3,1
144,4,0
144,5,0
144,6,0
144,7,0
144,8,0
145,0,1
145,1,0
145,2,0
145,3,1
145,4,0
146,0,1
146,1,0
146,2,0
146,3,0
146,4,0
146,5,1
146,6,0
147,0,0
147,1,1
147,2,1
147,3,1
147,4,0
147,5,0
147,6,0
148,0,0
148,1,1
148,2,1
148,3,1
148,4,1
148,5,0
148,6,0
149,0,1
149,1,0
149,2,0
149,3,0
149,4,1
149,5,1
149,6,0
150,0,0
150,1,1
150,2,0
150,3,0
150,4,0
150,5,0
150,6,0
150,7,1
151,0,0
151,1,1
151,2,1
151,3,1
151,4,0
151,5,1
151,6,1
152,0,0
152,1,1
152,2,1
152,3,0
152,4,1
152,5,0
153,0,0
153,1,0
153,2,1
153,3,0
153,4,0
154,0,1
154,1,0
154,2,1
154,3,0
154,4,1
154,5,1
154,6,1
155,0,0
155,1,1
155,2,1
156,0,0
156,1,1
156,2,0
156,3,1
156,4,0
157,0,0
157,1,0
157,2,1
157,3,0
157,4,0
157,5,1
157,6,0
157,7,1
157,8,0
158,0,0
158,1,1
158,2,0
158,3,1
158,4,0
158,5,1
158,6,1
159,0,0
159,1,0
159,2,1
159,3,0
159,4,0
159,5,1
160,0,0
160,1,0
160,2,1
160,3,1
160,4,0
160,5,1
161,0,1
161,1,0
161,2,0
162,0,1
162,1,0
162,2,0
162,3,1
163,0,1
163,1,1
163,2,1
163,3,0
163,4,0
163,5,1
163,6,1
164,0,1
164,1,0
164,2,1
164,3,0
164,4,1
164,5,0
164,6,0
164,7,0
164,8,0
165,0,0
165,1,0
165,2,0
166,0,1
166,1,0
166,2,0
166,3,1
166,4,1
166,5,1
166,6,1
166,7,1
166,8,1
166,9,0
167,0,1
167,1,0
167,2,1
167,3,1
167,4,1
167,5,0
168,0,0
168,1,0
168,2,0
168,3,1
168,4,0
168,5,1
168,6,0
168,7,1
169,0,0
169,1,0
169,2,1
169,3,1
169,4,1
169,5,0
169,6,0
170,0,1
170,1,1
170,2,0
170,3,0
170,4,1
170,5,0
170,6,1
170,7,0
170,8,1
170,9,1
170,10,0
171,0,0
171,1,0
171,2,0
171,3,1
171,4,1
171,5,0
171,6,0
171,7,0
171,8,1
171,9,1
172,0,1
172,1,1
172,2,1
172,3,1
172,4,1
173,0,0
173,1,1
173,2,0
173,3,1
174,0,0
174,1,1
174,2,0
174,3,0
174,4,1
174,5,0
175,0,1
175,1,1
175,2,1
175,3,0
175,4,1
175,5,0
175,6,1
175,7,0
175,8,1
176,0,1
176,1,0
176,2,1
176,3,1
176,4,0
176,5,0
176,6,1
177,0,1
177,1,1
177,2,0
177,3,0
177,4,0
178,0,1
178,1,1
178,2,1
178,3,1
178,4,1
178,5,0
178,6,0
178,7,0
178,8,0
179,0,1
179,1,1
179,2,0
179,3,1
179,4,0
179,5,0
179,6,0
180,0,1
180,1,0
181,0,1
181,1,1
181,2,0
181,3,1
181,4,1
181,5,0
181,6,1
181,7,1
182,0,0
182,1,1
182,2,0
182,3,0
182,4,0
182,5,1
182,6,1
182,7,0
183,0,1
183,1,0
183,2,0
183,3,0
183,4,0
184,0,0
184,1,1
184,2,1
184,3,0
184,4,0
184,5,0
184,6,0
185,0,0
185,1,1
185,2,1
185,3,0
185,4,1
186,0,1
186,1,1
186,2,1
186,3,1
186,4,0
186,5,0
186,6,1
186,7,1
186,8,1
186,9,0
186,10,1
187,0,0
187,1,0
187,2,0
188,0,1
188,1,0
189,0,0
189,1,0
189,2,1
189,3,0
189,4,1
189,5,0
189,6,0
190,0,0
190,1,0
190,2,0
190,3,0
190,4,1
191,0,0
191,1,0
191,2,0
192,0,1
192,1,1
192,2,1
192,3,0
192,4,1
192,5,0
192,6,0
192,7,1
192,8,1
192,9,0
192,10,0
193,0,1
193,1,1
193,2,0
193,3,0
194,0,1
194,1,1
194,2,0
194,3,1
194,4,1
194,5,1
195,0,1
195,1,1
195,2,0
195,3,1
195,4,0
195,5,1
195,6,0
195,7,1
195,8,0
195,9,0
196,0,1
196,1,0
196,2,0
196,3,1
196,4,1
196,5,0
196,6,1
197,0,1
197,1,0
198,0,1
198,1,0
198,2,0
198,3,0
198,4,0
198,5,1
198,6,0
198,7,0
198,8,1
198,9,0
198,10,0
199,0,0
199,1,1
199,2,1
199,3,0
199,4,1
199,5,1
200,0,1
200,1,0
200,2,0
200,3,1
200,4,1
200,5,0
201,0,1
201,1,0
201,2,1
201,3,1
201,4,1
201,5,0
202,0,1
202,1,1
202,2,0
202,3,0
202,4,0
202,5,1
202,6,0
202,7,0
203,0,0
203,1,1
203,2,1
203,3,0
203,4,0
203,5,0
203,6,1
204,0,1
204,1,1
204,2,0
204,3,0
204,4,0
204,5,1
204,6,0
205,0,0
205,1,0
205,2,0
205,3,0
205,4,0
205,5,1
205,6,0
206,0,1
206,1,1
206,2,0
206,3,0
206,4,1
206,5,1
207,0,0
207,1,0
207,2,0
207,3,1
207,4,1
207,5,1
208,0,0
208,1,0
208,2,0
208,3,1
208,4,0
208,5,0
208,6,1
208,7,1
209,0,1
209,1,0
209,2,1
210,0,0
210,1,0
210,2,1
210,3,0
211,0,1
211,1,0
211,2,1
211,3,1
211,4,0
211,5,0
212,0,0
212,1,1
212,2,0
212,3,0
213,1,0
213,2,1
213,3,1
213,4,1
214,0,0
214,1,1
214,2,1
215,0,0
215,1,1
215,3,0
215,4,1
215,5,0
216,0,1
216,1,1
216,2,0
216,4,1
216,5,1
217,0,0
217,1,0
217,2,1
217,3,0
217,4,0
217,5,1
217,6,1
217,7,0
218,0,1
218,1,1
218,2,1
218,3,0
218,4,0
219,0,1
219,1,0
219,2,0
219,3,0
219,4,0
219,5,1
219,6,0
220,0,1
220,1,0
220,2,1
220,3,0
220,4,0
220,5,1
220,6,0
220,7,0
221,0,1
221,1,0
221,2,1
221,3,0
221,4,0
222,0,0
222,1,1
222,2,0
222,3,0
222,4,1
222,5,1
223,0,0
223,1,0
223,2,1
223,3,0
223,4,1
223,5,0
224,0,0
224,1,1
224,2,1
224,3,1
224,4,1
224,5,0
224,6,1
224,7,1
224,8,1
225,0,0
225,1,1
225,2,0
225,3,1
225,4,0
225,5,1
226,0,0
226,1,1
226,2,0
226,3,0
226,4,1
226,5,0
227,0,0
227,1,0
227,2,1
227,3,0
227,4,1
228,0,0
228,1,0
228,2,0
228,3,0
228,4,0
228,5,0
228,6,1
228,7,0
228,8,0
229,0,1
229,1,0
229,2,0
229,3,0
230,0,0
230,1,1
230,2,1
230,3,1
230,4,1
230,5,0
231,0,1
231,1,1
231,2,1
231,3,0
231,4,0
231,5,1
232,0,0
232,1,0
232,2,0
232,3,1
233,0,1
233,1,1
233,2,0
233,3,1
233,4,0
234,0,1
234,1,1
234,2,1
234,3,0
234,4,1
235,0,0
235,1,0
235,2,1
235,3,0
235,4,1
235,5,0
235,6,1
235,7,0
236,0,1
236,1,0
236,2,1
236,3,1
236,4,0
236,5,0
236,6,0
236,7,0
236,8,0
237,0,1
237,1,0
237,2,0
237,3,0
237,4,1
237,5,0
237,6,0
238,0,1
238,1,1
238,2,1
238,3,1
238,4,0
238,5,1
238,6,1
238,7,1
238,8,0
238,9,1
239,0,1
239,1,1
239,2,1
239,3,0
239,4,0
239,5,1
239,6,1
239,7,1
240,0,0
240,2,1
240,3,0
241,0,0
241,1,1
241,2,0
241,3,1
241,4,0
242,0,0
242,1,1
242,2,0
242,3,0
242,4,0
242,5,0
242,6,0
243,0,0
243,1,1
243,2,1
243,3,0
243,4,0
244,0,1
244,1,0
244,2,1
244,3,1
245,0,1
245,1,0
245,2,1
245,3,1
245,4,0
245,5,0
245,6,0
245,7,1
245,8,0
245,9,1
245,10,0
245,11,0
246,0,1
246,1,0
246,2,0
246,3,1
246,4,0
247,0,0
247,1,0
247,2,1
248,0,0
248,1,0
248,2,1
249,0,1
249,1,1
249,2,0
249,3,0
250,0,0
250,1,0
250,2,0
250,3,0
250,4,1
250,5,0
250,6,0
250,7,1
250,8,0
250,9,0
251,0,0
251,1,1
251,2,1
251,3,0
251,4,0
251,5,0
251,6,1
251,7,0
251,8,1
252,0,1
252,1,1
252,2,1
252,3,1
252,4,1
252,5,0
252,6,1
252,7,0
252,9,1
252,10,0
252,11,0
253,0,1
253,1,1
253,2,1
253,3,1
253,4,1
253,5,1
253,6,0
253,7,0
253,8,1
253,9,0
253,10,1
254,0,0
254,1,1
254,2,1
254,3,0
254,4,1
254,5,0
254,6,1
255,0,1
255,1,1
255,2,1
255,3,0
255,4,0
255,5,1
255,6,1
256,0,0
256,1,0
256,2,1
256,3,0
256,4,0
256,5,0
256,6,0
256,7,1
256,8,1
256,9,1
256,10,1
257,0,0
257,1,0
258,0,0
258,1,0
258,2,1
258,3,1
258,4,1
258,5,0
259,0,0
259,1,0
259,2,1
259,3,1
259,4,1
260,0,0
260,1,0
260,2,1
261,0,0
261,1,1
261,2,1
261,3,0
261,4,1
261,5,1
261,6,1
262,0,0
262,1,1
262,2,1
262,3,0
262,4,1
262,5,0
262,6,1
262,7,1
263,0,0
263,1,0
263,2,1
263,3,1
263,4,1
264,0,0
264,1,1
264,2,0
264,3,1
264,4,1
264,5,0
264,6,0
264,7,0
264,8,1
264,9,0
265,0,1
265,1,1
265,2,1
265,3,1
265,4,1
265,5,0
265,6,1
265,7,0
266,0,1
266,1,1
266,2,1
266,4,0
266,5,0
266,6,0
266,7,1
267,0,1
267,1,0
267,2,0
267,3,0
268,0,1
268,1,1
268,2,0
268,3,1
268,4,1
268,5,0
268,6,1
268,7,1
268,8,1
269,0,1
269,1,1
269,2,1
269,3,1
269,4,1
270,0,1
270,1,0
270,2,1
270,3,0
270,4,1
271,0,0
271,1,0
271,2,0
271,3,1
271,4,1
271,5,1
271,6,0
271,7,1
271,8,1
272,0,0
272,1,1
272,2,1
273,0,1
273,1,0
273,2,1
273,3,0
273,4,1
273,5,1
273,6,1
274,0,0
274,1,0
274,2,1
274,3,0
274,4,1
274,5,1
274,6,0
274,7,0
275,0,1
275,1,1
275,2,0
275,3,0
275,4,1
275,5,0
275,6,0
275,7,1
276,0,0
276,1,1
276,2,0
276,3,0
276,4,0
276,5,1
276,6,1
276,7,1
276,8,0
276,9,1
276,11,0
276,12,1
277,0,1
277,1,1
277,2,1
277,3,1
277,4,0
277,5,0
278,0,1
278,1,0
279,0,1
279,1,1
279,2,0
279,3,1
279,4,0
280,0,1
280,1,1
280,2,1
280,3,0
280,4,0
280,5,1
280,6,0
281,0,1
281,1,1
281,2,1
281,3,0
281,4,0
281,5,0
282,0,0
282,1,1
282,2,1
282,3,0
282,4,1
282,5,0
282,6,0
282,7,1
282,8,0
282,9,1
283,0,1
283,1,0
283,2,0
283,3,1
283,4,0
283,5,1
283,6,1
283,7,0
283,8,0
284,0,0
284,1,1
284,2,1
284,3,1
284,4,0
284,5,1
284,6,0
284,7,1
284,8,1
285,0,0
285,1,1
285,2,1
285,3,0
285,4,0
285,5,0
285,6,0
286,0,0
286,1,1
286,2,1
286,3,1
286,4,0
286,5,1
287,0,0
287,1,1
287,2,0
287,3,1
287,4,1
287,5,1
287,6,0
287,7,0
287,8,0
287,9,0
287,10,1
287,11,0
288,0,1
288,1,1
288,2,0
288,3,1
288,4,1
288,5,0
288,6,0
289,0,0
289,1,0
289,2,1
289,3,0
289,4,0
289,5,1
290,0,0
290,1,1
290,2,1
290,3,0
290,4,0
290,5,0
290,6,1
290,7,1
290,8,0
291,0,1
291,1,1
291,2,0
291,3,0
291,4,1
291,5,1
291,6,1
291,7,1
291,8,0
291,9,1
292,0,1
292,1,1
292,2,0
292,3,1
292,4,0
292,5,1
292,6,1
292,7,1
292,8,1
293,0,1
293,1,0
293,2,1
293,3,0
293,4,0
293,5,0
293,6,1
293,7,0
293,8,0
293,9,1
293,10,0
294,0,1
294,1,0
294,2,0
294,3,0
294,4,1
294,5,1
294,6,1
294,7,0
295,0,1
295,1,1
295,2,1
295,3,1
295,4,1
295,5,0
295,6,0
296,0,0
296,1,0
296,2,1
296,3,1
296,4,1
296,5,1
296,6,0
296,7,0
297,0,1
297,1,1
297,2,1
297,4,0
297,5,1
297,6,1
297,7,0
297,8,0
298,0,1
298,1,0
298,2,1
298,3,0
298,4,1
298,5,1
298,6,1
298,7,0
299,0,0
299,1,1
299,2,1
299,3,0
299,4,0
299,5,0
299,6,0
300,0,0
300,1,1
300,2,1
300,3,1
300,4,1
300,5,0
300,6,0
300,7,1
301,0,1
301,1,1
301,2,1
301,3,0
301,4,1
302,0,1
302,1,0
302,2,0
302,3,0
302,4,1
303,0,1
303,1,0
303,2,0
303,3,0
303,4,0
304,0,1
304,1,1
304,2,1
304,3,1
304,4,0
305,0,1
305,1,1
305,2,0
305,3,0
305,4,0
305,5,0
305,6,0
305,7,1
305,8,1
306,0,0
306,1,0
306,2,0
306,3,0
306,4,1
306,5,1
306,6,1
306,7,1
306,8,1
307,0,0
307,1,1
307,3,1
308,0,1
308,1,0
308,2,0
308,3,0
308,4,1
308,5,1
309,0,0
309,1,0
309,2,0
309,3,1
310,0,0
310,1,1
310,2,1
310,3,0
310,4,0
310,5,1
310,6,1
310,7,1
310,8,0
310,9,0
310,10,0
311,0,1
311,1,0
311,2,0
311,3,0
311,4,0
311,5,1
311,6,0
311,7,0
312,0,1
312,1,1
312,2,1
312,3,1
312,4,1
312,5,0
312,6,1
313,0,0
313,1,1
313,2,0
313,3,1
313,4,1
313,5,1
313,6,0
314,0,0
314,1,1
314,2,1
314,3,0
314,4,0
314,5,0
314,6,1
314,7,0
314,8,1
315,0,0
315,1,1
315,2,1
315,3,0
315,4,0
315,5,1
315,6,0
315,7,0
315,8,1
315,9,1
316,0,1
316,1,0
316,2,0
316,3,1
316,4,1
317,0,1
317,1,0
317,2,0
318,0,1
318,1,0
318,2,1
318,3,1
318,4,0
318,5,0
319,0,0
319,1,1
319,2,0
319,3,0
319,4,0
320,0,1
320,1,1
320,2,1
320,3,1
320,4,1
320,5,0
321,0,0
321,1,1
321,2,0
321,3,0
321,4,0
321,5,1
321,6,0
322,0,1
322,1,0
322,2,1
322,3,0
323,0,1
323,1,0
323,2,1
323,3,0
323,4,1
323,5,1
323,6,0
324,0,0
324,1,0
324,2,1
324,4,0
324,5,0
324,6,0
324,7,1
324,8,0
324,9,0
324,10,1
325,0,1
325,1,0
325,2,0
325,3,0
325,4,0
325,5,1
326,0,0
326,1,0
327,0,0
327,1,0
327,2,0
327,3,0
327,4,1
327,5,1
327,6,1
327,7,1
328,0,1
328,1,1
328,2,0
328,3,1
328,4,1
328,5,0
328,6,1
329,0,1
329,1,1
329,2,1
329,3,0
329,4,0
329,5,1
329,6,1
329,7,1
330,0,0
330,1,0
330,2,0
330,3,1
330,4,0
330,5,1
330,6,0
330,7,1
331,0,0
331,1,1
331,2,1
331,3,1
331,4,1
332,0,0
332,1,0
332,2,1
332,3,0
332,4,0
332,5,0
333,0,0
333,1,1
333,2,0
333,3,0
333,4,0
333,5,1
333,6,1
333,7,0
333,8,0
333,9,1
333,10,1
333,11,0
334,0,0
334,1,0
334,2,1
334,3,0
334,4,0
334,5,0
334,6,1
334,7,1
334,8,0
334,9,0
334,10,0
335,0,1
335,1,1
335,2,1
335,3,1
335,4,1
335,5,1
335,6,1
335,7,1
335,8,0
335,9,0
335,10,0
336,0,1
336,1,1
336,2,1
336,3,0
336,4,0
337,0,0
337,1,1
337,2,0
337,3,1
337,4,1
337,5,0
337,6,1
338,0,1
338,1,1
338,2,0
338,3,0
338,4,0
339,0,1
339,1,0
339,2,0
339,3,0
339,4,0
340,0,0
340,1,0
340,2,0
340,3,1
340,4,1
340,5,1
340,6,1
340,7,0
341,0,0
341,1,1
341,2,1
341,3,1
342,0,0
342,1,0
342,2,0
342,3,1
342,4,1
342,5,1
343,0,0
343,1,0
344,0,0
344,1,1
344,2,1
344,3,1
344,4,0
344,5,1
344,6,1
344,7,0
345,0,0
345,1,0
345,2,1
345,3,1
345,4,0
345,5,1
345,6,0
345,7,1
345,8,0
346,0,0
346,1,1
346,2,1
346,3,0
347,0,0
347,1,0
347,2,0
347,3,0
347,4,1
348,0,1
348,1,0
349,0,1
349,1,0
349,2,1
349,3,1
350,0,0
350,1,0
350,2,1
350,3,0
351,0,1
351,1,0
351,2,0
351,3,0
351,4,0
351,5,1
351,6,0
351,7,1
351,8,1
352,0,0
352,1,0
352,2,1
352,3,1
352,4,1
352,5,0
352,6,1
353,0,0
353,2,1
353,3,1
353,4,0
353,5,1
353,6,1
353,7,1
353,8,0
354,0,1
354,1,0
354,2,1
354,3,1
354,4,0
354,5,1
354,6,1
354,7,1
354,8,0
355,0,0
355,1,0
355,2,1
355,3,0
355,4,0
356,0,1
356,1,1
356,2,1
356,3,1
356,4,0
356,5,0
356,6,1
357,0,0
357,1,1
357,2,1
357,3,0
357,4,0
357,5,0
357,6,1
358,0,1
358,1,1
358,2,0
358,3,1
358,4,1
358,5,0
359,0,0
359,1,1
359,2,1
360,0,1
360,1,0
360,2,0
360,3,1
360,4,1
360,5,1
360,6,0
360,7,0
360,8,0
361,0,1
361,1,0
361,2,1
361,3,1
361,4,0
361,5,1
361,6,0
361,7,0
361,8,0
361,9,0
362,0,0
362,1,1
362,2,1
362,3,1
362,4,0
362,5,1
362,6,1
362,7,1
362,8,1
362,9,1
363,0,1
363,1,1
363,2,0
363,3,1
363,4,0
363,5,0
363,6,1
363,7,1
363,8,1
363,9,1
364,0,0
364,1,0
364,2,1
364,3,0
364,4,0
364,5,1
364,6,0
365,0,1
365,1,1
365,2,0
365,3,0
365,4,0
365,5,0
365,7,0
366,0,1
366,1,0
366,2,1
366,3,1
366,4,0
366,5,1
366,6,1
367,0,0
367,1,0
367,2,1
367,3,0
367,4,1
367,5,1
367,6,1
367,7,0
367,8,0
368,0,0
368,1,1
368,2,1
368,3,1
368,4,1
368,5,1
368,6,1
369,0,0
369,1,1
369,2,0
369,3,1
369,4,0
369,5,0
369,6,0
370,0,1
370,1,1
370,2,0
370,3,0
370,4,0
370,5,1
371,0,0
371,1,1
371,2,0
371,3,0
371,4,1
371,5,1
371,6,0
371,7,1
371,8,1
372,0,1
372,1,0
372,2,1
372,3,1
372,4,0
372,5,0
373,0,1
373,1,0
373,2,0
373,3,1
373,4,0
373,5,0
374,0,1
374,1,1
374,2,0
374,3,0
374,4,0
374,5,1
374,6,0
374,7,1
374,8,1
375,0,1
375,1,0
376,0,0
376,1,1
376,2,0
376,3,1
376,4,0
376,5,0
377,0,1
377,1,1
377,2,0
377,3,0
377,4,0
377,5,0
377,6,1
377,7,1
377,8,1
378,0,1
378,1,0
378,2,0
378,3,0
378,4,0
378,5,1
378,6,0
378,7,0
379,0,0
379,1,1
379,2,1
379,3,1
379,4,0
379,5,0
380,1,1
380,2,0
380,3,0
380,4,0
380,5,0
380,6,1
380,7,0
380,8,0
381,0,0
381,1,0
381,2,0
381,3,0
381,4,0
382,0,1
382,1,1
383,0,1
383,1,0
383,2,0
383,3,1
383,4,1
383,5,1
384,0,0
384,1,0
384,2,1
384,3,1
384,4,0
384,5,1
384,6,0
384,7,1
385,0,1
385,1,1
385,2,1
386,0,0
386,1,0
386,2,0
386,3,0
386,4,0
386,5,1
386,6,0
386,7,1
387,0,1
387,1,0
387,2,1
387,3,1
387,4,1
387,5,1
388,0,0
388,1,1
388,2,1
388,3,1
388,4,0
388,5,1
388,6,1
388,7,1
389,0,1
389,1,1
389,2,0
389,3,1
389,4,1
390,0,0
390,1,1
390,2,1
390,3,0
390,4,0
391,0,1
391,1,1
391,2,0
391,3,1
391,4,1
391,5,1
391,6,1
391,7,1
391,8,1
391,9,0
392,0,1
392,1,0
392,2,0
392,3,0
392,4,1
393,0,1
393,1,1
393,2,1
393,3,0
393,4,0
393,5,0
394,0,1
394,1,1
394,2,1
394,3,0
394,4,0
394,5,0
395,0,0
395,1,0
395,2,0
395,3,1
395,4,1
395,5,0
395,6,1
395,7,1
395,8,1
395,9,1
396,0,0
396,1,0
396,2,0
396,3,1
397,0,0
397,1,1
397,2,1
397,3,1
397,4,0
397,5,1
397,6,0
398,0,0
398,1,0
398,2,1
398,3,1
398,4,1
398,5,1
398,6,1
398,7,1
398,8,0
398,9,1
398,10,0
398,11,1
398,12,1
399,0,0
399,1,0
399,2,0
399,3,1
399,4,0
399,5,1
399,6,1
399,7,1
399,8,1
399,9,0
400,0,1
400,1,0
400,2,1
400,3,0
400,4,0
400,5,1
400,6,1
400,7,1
401,0,0
401,1,1
401,2,0
401,3,1
401,4,1
401,5,0
401,6,0
401,7,0
401,8,0
402,0,0
402,1,0
402,2,1
402,3,1
402,4,0
402,5,0
402,6,1
403,0,0
403,1,0
403,2,1
403,3,0
403,4,1
403,5,0
403,6,1
403,7,1
403,8,0
404,0,1
404,1,1
404,2,1
404,3,1
404,4,0
405,0,0
405,1,0
405,2,1
405,3,1
405,4,1
405,5,1
405,6,1
406,0,0
406,1,1
406,2,0
406,3,1
406,4,0
406,5,1
406,6,0
406,7,0
407,0,1
407,1,0
407,2,1
407,3,1
407,4,1
407,5,0
407,6,1
407,7,0
407,8,1
407,9,1
408,0,1
408,1,1
408,2,1
408,3,0
408,4,1
409,0,0
409,1,1
409,2,1
409,3,0
409,4,0
409,5,0
409,6,0
409,7,1
410,0,1
410,1,1
410,2,0
410,3,0
410,4,1
410,5,0
410,6,1
410,7,0
411,0,1
411,1,0
412,0,0
412,1,1
412,2,0
412,3,0
413,0,1
413,1,1
413,2,1
413,3,1
413,4,0
413,5,1
413,6,1
413,7,0
413,8,0
413,9,0
414,0,1
414,1,1
414,2,1
415,0,1
415,1,0
415,2,1
415,3,1
415,4,1
415,5,0
415,6,1
416,0,0
416,1,1
416,2,0
416,3,1
417,0,0
417,1,0
417,2,0
418,0,0
418,1,0
418,2,0
418,3,1
418,4,1
418,5,0
419,0,1
419,1,1
419,2,0
419,3,1
419,4,0
419,5,0
419,6,0
419,7,0
419,8,0
420,0,0
420,1,0
420,2,0
420,3,0
420,4,1
420,5,0
420,6,1
420,7,1
421,0,1
421,1,0
421,2,0
421,3,0
421,4,1
422,0,1
422,1,0
422,2,0
422,3,0
423,0,1
423,1,0
423,2,1
423,3,1
423,4,1
423,5,0
424,0,1
424,1,1
424,2,1
424,3,1
424,4,0
424,5,0
424,6,1
425,0,0
425,1,1
425,2,0
425,3,1
425,4,1
425,5,0
425,6,1
425,7,1
426,0,0
426,1,0
426,2,1
426,3,1
426,4,1
426,5,0
426,6,1
426,7,0
427,0,1
427,1,1
427,2,1
427,3,0
427,4,1
428,0,0
428,1,0
428,2,0
428,3,0
429,0,0
429,1,1
429,2,1
429,3,0
429,4,1
429,5,1
429,6,1
429,7,1
430,0,1
430,1,0
430,2,1
430,3,0
430,4,1
430,5,1
430,6,0
430,7,0
431,0,1
431,1,1
431,2,1
431,3,0
431,4,0
431,6,1
431,7,1
431,8,1
432,0,0
432,1,0
432,2,0
432,3,0
432,4,1
432,6,0
432,7,0
432,8,1
433,0,1
433,1,0
433,2,1
433,3,1
433,4,1
433,5,0
433,6,1
433,7,0
433,8,1
433,9,1
434,0,0
434,1,0
434,2,0
434,3,0
434,4,1
434,5,1
434,6,0
434,7,0
434,8,1
434,9,1
435,0,0
435,1,0
435,2,0
435,4,1
436,0,0
436,1,0
436,2,0
436,3,1
437,0,0
437,1,0
437,2,0
437,3,0
438,0,1
438,1,0
438,2,0
438,3,0
438,4,0
439,0,1
439,1,1
439,2,0
439,3,1
439,4,0
439,5,0
439,6,1
439,7,1
440,0,1
440,1,0
440,2,0
440,3,0
440,4,1
440,5,0
440,6,0
440,7,1
440,8,1
440,9,0
440,10,1
440,11,1
441,0,1
441,1,1
441,2,1
441,3,0
441,4,0
441,5,1
441,6,1
442,0,1
442,1,0
442,2,1
442,3,1
442,4,1
442,5,0
442,6,0
443,0,0
443,1,1
443,2,0
443,3,0
443,4,1
443,5,0
444,0,0
444,1,0
444,2,1
444,3,1
444,4,0
444,5,1
444,6,1
445,0,1
445,1,0
445,2,1
445,3,1
446,0,1
446,1,0
446,2,1
446,3,0
446,4,1
446,5,0
446,6,0
446,7,0
447,0,0
447,1,0
447,2,0
447,3,1
448,0,1
448,1,0
448,2,1
448,3,1
448,4,1
448,5,0
448,6,1
448,7,0
448,8,0
448,9,1
449,0,0
449,1,1
449,2,0
449,3,0
449,4,1
449,5,0
449,6,1
450,0,1
450,1,1
451,0,1
451,1,0
451,2,0
451,3,1
451,4,0
451,5,0
451,6,1
452,0,0
452,1,1
452,2,0
452,3,1
452,4,1
452,5,0
453,0,1
453,1,0
454,0,0
454,1,1
455,0,0
455,1,1
455,2,1
455,3,0
455,4,1
455,5,1
455,6,0
455,7,0
455,8,1
456,0,1
456,1,0
456,2,0
456,3,0
456,4,1
457,0,0
457,1,0
457,2,1
457,3,0
458,0,0
458,1,1
458,2,0
458,3,0
458,4,0
458,5,0
458,6,1
458,7,0
458,8,1
459,0,1
459,1,1
459,2,1
459,3,1
459,4,0
459,5,0
459,6,1
459,7,0
459,8,0
459,9,1
460,0,0
460,1,1
460,2,1
460,4,1
460,5,0
460,6,0
460,7,1
461,0,0
461,1,1
461,2,0
461,3,1
461,4,1
461,5,1
461,6,1
462,0,0
462,1,1
462,2,1
462,3,0
462,4,1
462,5,0
462,6,0
462,7,0
462,8,0
462,9,0
462,10,1
463,0,1
463,1,0
463,2,1
463,3,0
463,4,1
464,0,1
464,1,0
464,2,1
464,3,1
464,4,1
464,5,0
465,0,0
465,1,1
465,2,1
465,3,0
466,0,1
467,0,1
467,1,0
467,2,0
467,3,0
467,4,0
468,0,1
468,1,1
468,2,1
468,3,0
468,4,1
468,5,0
468,6,0
468,7,1
469,0,0
469,1,0
469,2,0
469,3,1
469,4,0
469,5,1
469,6,1
469,7,1
469,8,1
469,9,1
469,10,0
469,11,1
470,0,1
470,1,1
470,2,0
470,3,1
470,4,0
470,5,0
470,6,1
470,7,1
471,0,0
471,1,1
471,2,0
471,3,1
471,4,1
471,5,0
471,6,0
471,7,1
472,0,1
472,1,1
472,2,1
472,3,0
472,4,1
473,0,1
473,1,0
473,2,1
473,3,1
473,4,0
473,5,1
474,0,0
474,1,1
474,2,1
474,3,0
474,4,0
474,5,1
475,0,0
475,1,0
475,2,1
475,3,0
475,4,1
475,5,1
475,6,1
475,7,1
475,8,0
476,0,0
476,1,1
476,2,1
476,3,0
476,4,1
476,5,0
476,6,0
476,7,0
477,0,0
477,1,1
477,2,0
477,3,0
477,4,1
477,5,1
477,6,1
478,0,0
478,1,0
478,2,0
478,3,1
479,0,0
479,1,1
479,2,1
479,3,1
479,4,0
480,0,1
480,1,0
480,2,1
480,3,1
480,4,0
481,0,0
481,1,0
481,2,0
481,3,0
481,4,0
481,5,1
481,6,1
481,7,1
481,8,1
482,0,1
482,1,0
482,2,0
482,3,1
482,4,0
483,0,0
483,1,1
483,2,1
483,3,0
483,4,1
483,5,1
483,6,0
483,7,0
483,8,1
483,9,0
483,10,0
484,0,1
484,1,1
484,2,1
484,3,0
484,4,1
484,5,0
485,0,0
485,1,1
485,2,0
485,3,1
485,4,1
485,5,0
485,6,1
485,7,1
486,0,0
486,1,0
486,2,1
486,3,1
486,4,0
486,5,1
486,6,0
486,7,1
487,0,0
487,1,1
487,2,1
488,0,0
488,1,0
488,2,1
488,3,1
488,4,1
488,5,1
488,6,0
489,0,1
489,1,0
489,2,1
489,3,1
489,4,0
489,5,1
489,6,0
489,7,0
489,8,1
490,0,1
490,1,0
490,2,1
490,3,1
490,4,0
490,5,1
490,6,0
491,0,0
491,1,0
491,2,1
491,3,0
491,4,0
491,5,0
491,6,1
491,7,1
491,8,1
491,9,1
492,0,1
492,1,1
492,2,1
492,3,0
492,4,1
492,5,1
492,6,0
492,7,1
492,8,0
492,9,0
492,10,1
493,0,0
493,1,1
493,2,1
493,3,0
493,4,1
493,5,0
493,6,0
494,0,1
494,1,0
494,2,0
494,3,0
495,0,0
495,1,0
495,2,0
495,3,0
495,4,1
495,5,0
495,6,0
495,7,1
496,1,0
496,3,0
497,0,0
497,1,1
497,2,0
497,3,0
497,4,1
497,5,0
497,6,0
497,7,1
497,8,0
498,0,1
498,1,1
498,2,1
498,3,0
498,4,0
498,5,0
498,6,1
499,0,0
499,1,0
499,2,0
499,3,0
499,4,1
499,5,1
499,6,0
499,7,1
500,0,0
500,1,0
500,2,1
500,3,0
500,4,0
500,5,0
500,6,1
500,7,0
500,8,0
500,9,0
500,10,1
500,11,1
501,0,1
501,1,1
501,2,0
501,3,1
501,4,0
501,5,0
501,6,0
501,7,0
501,8,1
501,9,1
502,0,1
502,1,0
502,2,0
502,3,1
502,4,0
502,5,0
502,6,1
502,7,0
502,8,0
503,0,1
503,1,0
503,2,0
503,3,1
503,4,1
503,5,0
504,0,0
504,1,0
504,2,1
504,3,1
504,4,1
504,5,1
504,6,0
504,7,0
505,0,0
505,1,0
505,2,0
505,3,1
505,4,1
505,5,0
505,6,0
505,7,1
505,8,0
505,9,0
505,10,0
505,11,1
505,12,1
506,0,0
506,1,1
507,0,0
507,1,1
507,2,1
507,3,1
507,4,0
507,5,1
507,6,0
507,7,0
507,8,0
508,0,0
508,1,1
508,2,0
508,3,1
508,4,1
508,5,1
508,6,0
509,0,0
509,1,1
509,2,0
509,3,1
509,4,0
509,5,1
509,6,1
509,7,0
509,8,1
509,9,0
510,0,1
510,1,0
510,2,0
510,3,1
510,4,1
510,5,1
510,6,1
510,7,0
510,8,0
510,9,0
510,10,1
511,0,1
512,0,1
512,1,0
512,2,1
513,1,1
513,2,1
513,3,0
513,4,1
513,5,0
513,6,1
513,7,0
513,8,0
514,0,1
514,1,1
514,2,0
514,3,1
514,4,0
515,0,1
515,1,0
515,2,0
515,3,1
515,4,1
515,5,0
515,6,1
515,7,0
516,0,0
516,1,0
516,2,0
516,3,1
516,4,1
516,5,1
517,0,0
517,1,1
517,2,1
517,3,0
517,4,1
518,0,0
518,1,0
518,2,1
518,3,0
518,4,1
518,5,1
518,6,1
518,7,1
519,0,1
519,1,0
519,2,0
519,3,1
519,4,1
519,5,0
519,6,1
519,7,0
520,0,1
520,1,1
521,0,0
521,1,0
521,2,0
521,3,0
521,4,0
521,5,1
521,6,0
521,7,0
521,8,0
521,9,1
522,0,1
522,1,1
522,2,0
522,3,0
522,4,0
522,5,0
522,6,1
523,0,1
523,1,1
523,2,0
523,3,1
524,0,0
524,1,0
524,2,1
524,3,0
524,4,1
525,0,1
525,1,1
525,2,1
525,3,1
525,4,1
525,5,0
526,0,1
526,1,0
526,2,0
526,3,1
526,4,1
526,5,1
527,0,0
527,1,1
527,2,1
527,3,0
527,4,1
527,5,1
527,6,0
528,0,0
528,1,1
528,2,0
529,0,0
529,1,1
529,2,1
529,3,0
529,4,1
529,5,0
530,0,0
530,1,0
530,2,0
530,3,0
530,4,0
530,5,0
531,0,1
531,1,1
531,2,0
531,3,0
531,4,1
531,5,1
531,6,0
531,7,1
531,8,0
531,9,0
532,0,0
532,1,1
532,2,0
532,3,1
532,4,1
532,5,0
533,0,0
533,1,1
533,2,0
533,3,0
534,1,0
534,2,0
534,3,0
534,4,1
534,5,1
534,6,1
535,0,0
535,1,1
535,2,1
535,3,1
535,4,1
536,0,1
536,1,0
536,2,0
536,3,0
536,4,0
536,5,0
536,6,1
536,7,1
536,8,0
537,0,0
537,1,1
537,2,1
537,3,0
537,4,1
537,5,1
537,6,1
537,7,1
538,0,1
538,1,0
538,2,0
538,3,0
538,4,1
538,5,0
539,0,0
539,1,1
539,2,0
539,3,1
539,4,0
539,5,1
539,6,0
540,0,0
540,1,0
540,2,1
540,3,0
540,4,0
540,5,0
540,6,0
541,0,1
541,1,1
541,2,1
541,3,1
541,4,1
541,5,0
541,6,0
541,7,1
541,8,1
542,0,0
542,1,0
542,2,1
542,3,0
542,4,0
542,5,0
542,6,1
542,7,0
542,8,0
542,9,0
543,0,1
543,1,0
543,2,1
543,3,1
543,4,1
543,5,0
543,6,1
543,7,1
543,8,0
544,0,1
544,1,1
544,2,1
544,3,1
544,4,0
544,5,0
544,6,0
544,7,1
545,0,1
545,1,0
545,2,1
545,3,0
545,4,0
546,0,1
546,1,1
546,2,0
546,3,1
546,4,0
546,5,1
546,6,1
546,7,1
547,0,1
547,1,0
547,2,0
547,3,0
548,0,0
548,1,0
548,2,0
549,0,0
549,2,1
549,3,0
549,4,1
550,0,0
550,1,1
550,2,0
550,3,0
550,4,1
550,5,1
550,6,0
550,7,0
550,8,0
550,9,0
550,10,1
550,11,1
551,0,0
551,1,1
551,2,1
551,3,0
551,4,1
551,5,0
551,7,0
552,0,1
552,1,0
552,2,1
552,3,0
552,4,1
552,5,0
552,6,0
552,7,0
552,8,0
553,0,0
553,1,1
553,2,1
553,3,0
553,4,1
553,5,1
553,6,1
554,0,0
554,1,1
554,2,1
554,3,0
554,4,0
554,5,1
554,6,1
554,7,0
554,8,1
554,9,1
555,0,1
555,1,0
555,2,1
555,3,0
555,4,0
556,0,1
556,1,1
556,2,0
556,3,0
556,4,0
556,5,0
556,6,0
557,0,1
557,1,0
557,2,0
557,3,0
557,4,1
557,5,0
557,6,0
557,7,0
558,0,0
558,1,1
558,2,1
558,3,0
558,4,1
558,5,1
559,0,1
559,1,0
559,2,1
559,3,1
559,4,0
560,0,1
560,1,0
560,2,1
560,3,1
560,4,1
560,5,1
560,6,1
560,7,1
560,8,1
560,9,1
560,10,0
560,11,0
561,0,1
561,1,0
561,2,0
561,3,1
561,4,0
561,5,0
561,6,0
562,0,1
562,1,1
562,2,0
562,3,0
562,4,1
562,5,0
562,6,1
562,7,1
563,0,1
563,1,0
563,2,0
563,3,0
563,4,1
563,5,0
563,6,0
563,7,1
563,8,0
564,0,0
564,1,1
564,2,0
564,3,1
565,0,1
565,1,0
565,2,1
565,3,1
565,4,0
565,5,1
565,6,1
565,7,1
565,8,1
566,0,0
566,1,1
566,2,1
567,0,0
567,1,1
567,2,0
567,3,1
567,4,0
567,5,1
568,0,0
568,1,1
568,2,1
568,3,0
568,4,1
568,5,1
568,6,1
569,0,0
569,1,0
569,2,1
569,3,1
569,4,1
569,5,1
569,6,0
570,0,1
570,1,0
570,2,0
570,3,0
570,4,0
570,5,0
570,6,1
570,7,1
570,8,0
571,0,0
571,1,1
571,2,1
571,3,1
571,4,1
571,5,0
572,0,1
572,1,0
572,2,0
572,3,1
572,4,1
572,5,1
572,6,0
572,7,1
572,8,1
573,0,1
573,1,1
573,2,0
573,3,0
573,4,1
573,5,0
573,6,0
574,0,0
574,1,1
574,2,1
574,3,1
574,4,1
574,5,0
574,6,0
574,7,0
574,8,0
575,0,1
575,1,0
575,2,1
575,3,1
575,4,1
575,5,1
575,6,0
576,0,0
576,1,0
576,2,0
576,3,0
576,4,1
576,5,0
577,0,0
577,1,0
577,2,1
577,3,1
577,4,1
577,5,0
577,6,1
577,7,1
578,0,1
579,0,1
579,1,1
579,2,0
579,3,0
579,4,1
579,5,1
579,6,1
580,0,0
580,1,1
580,2,1
580,3,0
580,4,1
580,5,1
580,6,1
581,0,0
581,1,1
581,2,1
581,3,1
581,4,1
581,5,1
581,6,1
581,7,0
582,0,0
582,1,0
582,2,1
582,3,0
582,4,1
582,5,1
583,0,1
583,1,0
583,2,1
584,0,1
584,1,1
584,2,1
584,3,0
584,4,0
584,5,1
584,6,0
585,1,1
585,3,1
585,4,1
585,5,1
585,6,0
585,7,0
585,8,0
585,9,0
586,0,1
586,1,1
586,2,0
587,0,1
587,1,1
587,2,1
587,3,0
587,4,0
588,0,1
588,1,1
588,2,1
588,3,1
588,4,0
588,5,0
588,6,1
589,0,1
589,1,1
589,2,0
590,0,1
590,1,1
591,0,0
591,1,1
591,2,1
591,3,0
591,4,0
591,5,1
592,0,0
592,1,0
592,2,1
592,3,0
592,4,1
592,5,0
593,0,0
593,1,1
593,2,1
593,3,0
593,4,0
593,5,1
593,6,0
593,7,1
594,0,1
594,1,0
594,2,0
595,0,0
595,1,0
595,2,0
595,3,1
595,4,0
595,5,1
595,6,1
595,7,0
595,8,1
595,9,0
596,0,0
596,1,0
596,2,1
596,3,1
596,4,1
596,5,1
596,6,1
596,7,0
596,8,1
596,9,0
597,0,1
597,1,1
597,2,1
597,3,1
597,4,1
598,0,1
598,1,0
598,2,0
598,3,0
598,4,0
598,5,0
598,6,0
598,7,0
598,8,1
598,9,1
598,10,0
598,11,1
599,0,0
599,1,1
599,2,0
599,3,1
599,4,1
599,5,1
599,6,0
599,7,1
600,0,0
600,1,0
600,2,0
600,3,0
601,0,1
601,1,1
601,2,1
601,3,1
601,4,1
601,5,0
602,0,1
602,1,0
602,2,1
602,3,1
602,4,0
602,5,1
602,6,0
602,7,1
602,8,1
603,0,0
603,1,1
603,2,0
604,0,1
604,1,1
604,2,1
604,3,1
604,4,0
604,5,1
604,6,0
604,7,1
605,0,1
605,1,1
605,2,1
605,3,1
605,4,1
605,5,1
606,0,1
606,1,1
606,2,1
606,3,0
606,4,0
607,0,1
607,1,0
607,2,1
607,3,0
607,4,1
607,5,0
607,6,0
607,7,1
607,8,0
608,0,0
608,1,0
608,2,0
608,3,0
609,0,0
609,1,1
609,2,0
609,3,1
609,4,0
609,5,1
610,0,0
610,1,1
610,2,1
610,3,0
610,4,0
610,5,1
611,0,0
611,1,1
611,2,0
611,3,0
611,4,1
611,5,1
611,6,0
611,7,0
612,0,0
612,1,0
612,2,1
612,3,0
612,4,0
612,5,1
612,6,1
613,0,1
613,1,0
613,2,0
613,3,1
613,4,1
613,5,1
613,6,1
614,0,0
614,1,1
614,2,0
614,3,0
614,4,0
614,5,1
614,6,1
614,7,0
614,8,0
614,9,1
615,0,1
615,1,1
615,2,0
615,3,0
615,4,0
615,5,1
616,0,1
616,1,1
616,2,0
616,3,1
616,4,1
616,5,1
616,6,1
616,7,1
616,8,0
616,9,0
617,0,1
617,1,1
617,2,1
617,3,0
617,4,0
617,5,0
617,6,1
617,7,0
617,8,0
618,0,0
618,1,0
618,2,1
618,3,0
618,4,1
619,0,1
619,1,1
619,2,1
619,3,1
619,4,0
620,0,1
620,1,1
620,2,1
620,3,0
620,4,1
621,0,0
621,1,1
621,2,1
621,3,0
621,4,0
621,5,1
621,6,1
621,7,1
621,8,1
622,0,1
622,1,0
622,2,1
622,3,0
622,4,0
622,5,1
622,6,0
622,7,1
622,8,0
623,0,0
623,1,1
623,2,0
623,3,1
623,4,0
623,5,0
623,6,0
624,0,1
624,1,0
624,2,1
625,0,0
625,1,0
625,2,1
625,3,1
625,4,0
625,5,1
625,6,0
625,7,0
625,8,1
625,9,1
625,10,1
626,0,1
626,1,0
626,2,1
626,3,1
626,4,1
626,5,1
626,6,1
627,0,1
627,1,0
627,2,0
627,3,0
627,4,0
628,0,0
628,1,0
628,2,0
628,3,1
628,4,0
628,5,0
628,6,0
629,0,0
629,1,1
629,2,1
629,3,0
629,4,0
629,5,1
629,6,1
630,0,0
630,1,1
630,2,0
630,3,1
630,4,1
630,5,0
631,1,0
631,2,0
631,3,0
631,4,0
631,5,1
631,6,0
632,0,1
632,1,1
632,2,1
632,3,0
632,4,1
632,5,1
632,6,1
632,7,1
633,0,0
633,1,0
633,2,0
633,3,0
633,4,0
633,5,0
633,6,0
634,0,0
634,1,0
634,2,1
634,3,0
634,4,1
634,5,0
634,6,0
635,0,1
635,1,0
635,2,0
636,0,1
636,1,1
636,2,0
636,3,1
636,4,0
636,5,1
637,0,1
637,1,1
637,2,1
637,3,1
638,0,0
638,1,1
638,2,1
638,3,1
639,0,1
639,1,1
639,2,1
639,3,0
639,4,1
639,5,1
639,6,0
640,0,1
640,1,0
640,2,1
640,3,1
640,4,1
640,5,1
640,6,1
640,7,1
640,8,1
641,0,1
641,1,0
641,2,1
641,3,1
641,4,0
641,5,1
641,6,1
642,0,1
642,1,1
642,2,1
642,3,1
642,4,1
643,0,1
643,1,0
643,2,1
643,3,0
643,4,1
644,0,0
644,1,0
644,2,1
644,3,0
644,4,1
644,5,0
645,0,0
645,1,1
645,2,1
645,3,0
645,4,0
645,5,0
645,6,1
645,7,1
645,8,0
645,9,1
646,0,1
646,1,0
646,2,0
646,3,1
646,4,1
647,0,1
647,1,1
647,2,1
647,3,0
648,0,1
648,1,0
648,2,0
648,3,1
648,4,1
648,5,1
649,0,0
649,1,1
649,2,0
649,3,1
649,4,0
649,5,1
650,0,1
650,1,0
650,2,1
650,3,1
650,4,0
650,5,1
650,6,1
650,7,0
650,8,0
651,0,1
651,1,1
651,2,0
651,3,1
651,4,1
651,5,1
651,6,0
651,7,0
652,0,1
652,1,1
652,2,1
652,3,0
652,4,0
652,5,1
652,6,0
653,0,1
653,1,0
653,2,1
654,0,1
654,1,0
654,2,0
654,3,1
654,4,0
654,5,0
654,6,1
654,7,1
654,8,0
655,0,1
655,1,1
655,2,0
656,0,1
656,1,0
656,2,0
656,3,0
656,4,1
656,5,1
657,0,1
657,1,0
657,2,1
657,3,0
657,4,1
657,5,0
657,6,1
657,7,0
657,8,0
658,0,0
658,1,1
658,2,1
658,3,1
658,4,0
658,5,0
658,6,0
658,7,0
658,8,1
658,9,1
658,10,1
659,0,1
659,1,1
659,2,0
659,3,1
659,4,0
659,5,1
660,0,0
660,1,0
660,2,1
661,0,0
661,1,0
661,2,0
661,3,0
661,4,1
661,5,1
661,6,0
661,7,1
661,8,0
661,9,1
662,0,1
662,1,0
663,0,1
663,1,0
663,2,1
663,3,0
663,4,1
663,5,0
664,0,0
664,1,1
664,2,0
664,3,1
664,4,1
665,0,1
665,1,0
665,2,1
665,3,0
665,4,1
665,5,0
666,0,0
666,1,1
666,2,1
666,3,1
666,4,0
666,5,0
666,6,1
666,7,1
667,0,1
667,1,0
667,2,0
667,3,1
668,0,1
668,1,1
668,2,0
669,0,0
669,1,0
669,2,1
669,3,1
669,4,1
670,0,0
670,1,1
670,2,0
670,3,1
670,4,1
670,6,1
670,7,0
670,8,0
670,9,0
671,0,1
671,1,1
671,2,0
671,3,0
671,4,1
671,5,0
672,0,0
672,1,1
672,2,0
672,3,1
672,4,0
672,6,0
673,0,1
673,1,0
673,2,1
673,3,1
673,4,1
673,5,0
674,0,0
674,1,1
674,2,0
675,0,1
675,1,1
676,0,1
676,1,1
676,2,1
676,3,1
676,4,1
677,0,1
677,1,0
677,2,1
677,3,1
677,4,0
677,5,0
677,6,1
677,7,0
677,8,0
677,9,1
677,10,1
677,11,1
677,12,0
678,0,1
678,1,1
678,2,0
678,3,0
678,5,0
678,6,0
678,7,0
679,0,0
679,1,1
679,2,0
679,3,0
679,4,0
679,5,0
680,0,1
680,1,0
680,2,1
680,3,1
680,4,0
680,5,1
680,6,0
680,7,0
681,0,1
681,1,0
681,2,1
681,3,0
681,4,0
681,5,0
681,6,0
681,7,0
681,8,1
681,9,0
681,10,0
681,11,0
681,12,1
681,13,1
682,0,0
682,1,0
682,2,0
682,3,0
682,4,1
682,5,1
683,0,1
683,1,1
683,2,1
683,3,1
683,4,1
683,5,1
683,6,0
683,7,1
683,8,1
684,0,1
684,1,0
684,2,1
684,3,0
684,4,0
684,5,1
684,6,1
684,7,1
684,8,1
684,9,0
685,0,0
685,1,1
685,2,1
685,3,1
685,4,0
685,5,1
685,6,1
686,0,1
686,1,0
686,2,1
686,3,1
686,4,1
686,5,1
687,0,0
687,1,0
687,2,0
687,3,0
687,4,1
687,5,0
687,6,0
688,0,1
688,1,1
688,2,1
688,3,1
688,4,0
688,5,0
688,6,1
688,7,0
688,8,0
688,9,0
689,0,1
689,1,0
689,2,1
689,3,1
690,0,0
690,1,1
690,2,1
690,3,0
690,4,0
690,5,1
690,6,1
690,7,0
690,8,1
690,9,0
691,0,0
691,1,1
691,2,0
691,3,1
691,4,0
691,5,0
691,6,0
691,7,0
692,0,1
692,1,0
692,2,0
692,3,1
692,4,0
693,0,1
693,1,0
693,2,0
693,3,1
693,4,1
693,5,1
693,6,0
693,7,1
694,0,0
694,1,0
694,2,0
694,3,0
694,4,1
694,5,1
694,6,1
695,0,0
695,1,1
695,2,0
695,3,1
695,4,0
695,5,1
695,6,0
695,7,1
695,8,0
695,9,1
696,0,0
696,1,0
696,2,1
696,3,0
696,4,0
696,5,0
696,6,1
696,7,0
697,0,0
697,1,1
697,2,0
697,3,0
697,4,0
697,5,1
697,6,0
697,7,0
697,8,1
698,0,0
698,1,1
698,2,1
698,3,1
698,4,1
698,5,0
698,6,0
698,7,0
698,8,1
698,9,0
699,0,0
699,1,1
699,2,0
699,3,0
699,4,1
699,5,0
699,6,1
699,7,0
699,8,1
699,9,1
700,0,1
700,1,0
700,2,0
700,3,1
700,4,0
700,5,1
700,6,1
701,0,0
701,1,0
701,2,1
701,3,1
701,4,0
701,5,0
701,6,0
701,7,1
701,8,0
701,10,1
701,11,1
701,12,0
702,0,0
702,1,0
702,2,1
702,3,1
702,4,1
702,5,0
702,6,0
703,0,0
703,2,1
703,3,1
704,0,1
704,1,1
704,3,0
704,4,1
705,0,0
705,1,0
705,2,1
705,3,1
705,4,1
705,5,0
705,6,0
706,0,0
706,1,0
706,2,0
706,3,1
706,4,0
706,5,1
707,0,1
707,1,1
707,2,1
707,3,1
707,4,1
707,5,0
707,6,1
707,7,0
707,8,1
708,0,1
708,1,0
708,2,1
708,4,1
708,5,1
708,6,0
708,7,0
708,8,0
708,9,1
709,0,1
709,1,0
709,2,0
709,3,1
709,4,0
709,5,0
710,0,1
710,1,1
710,2,1
710,3,0
710,4,1
710,5,0
710,6,1
710,7,1
710,8,1
710,9,0
711,0,1
711,1,0
711,2,1
711,3,0
711,4,0
711,5,1
712,0,1
712,1,1
712,2,1
712,3,0
712,4,0
712,5,0
712,6,0
712,7,0
712,8,1
712,9,0
712,10,0
712,11,1
713,0,1
713,1,0
713,2,0
713,3,1
713,4,1
713,5,0
713,6,1
714,0,1
714,1,0
714,2,1
714,3,0
714,4,0
714,5,1
715,0,0
715,1,1
715,2,0
716,0,0
716,1,0
716,2,0
716,3,0
717,0,0
717,1,0
717,2,0
717,3,0
717,4,1
717,5,1
717,6,1
717,7,0
718,0,1
718,1,0
718,2,1
718,3,0
718,4,1
718,5,1
718,6,1
718,7,1
718,8,0
718,9,1
719,0,0
719,1,0
719,2,0
719,3,0
719,4,1
719,5,1
719,6,0
719,7,1
719,8,0
720,0,1
720,1,0
720,2,0
720,3,0
720,4,0
720,5,0
720,6,1
720,7,1
721,0,0
721,1,1
721,2,0
721,3,1
721,4,1
721,5,1
721,6,1
721,7,0
721,9,1
722,0,1
722,1,0
722,2,1
722,3,1
722,4,0
722,5,0
722,6,0
722,7,1
723,0,1
723,1,1
723,2,1
723,3,1
723,4,0
723,5,1
724,0,0
724,1,1
724,2,1
724,3,1
724,4,0
724,5,0
724,6,1
724,7,0
724,8,1
725,0,0
725,1,0
725,2,1
725,3,0
725,4,1
725,5,0
725,6,0
725,7,1
725,8,1
725,9,0
725,10,1
726,0,1
726,1,0
726,2,0
726,3,0
726,4,1
726,5,1
726,6,0
726,7,0
727,0,0
727,1,1
727,2,1
728,0,0
728,1,0
728,2,1
728,3,0
728,4,0
728,5,1
728,6,0
729,0,1
729,1,1
729,2,0
729,3,0
729,4,1
729,5,0
730,0,0
730,1,0
730,2,1
730,3,1
730,4,0
730,5,1
730,6,1
731,0,1
731,1,1
731,2,0
731,3,0
731,4,1
731,5,1
731,6,1
732,0,1
732,1,0
732,2,1
732,3,1
732,4,0
732,5,0
732,6,1
732,7,1
733,0,1
733,1,1
733,2,1
733,3,1
733,4,1
733,5,0
734,0,1
734,1,0
734,2,0
734,3,0
734,4,0
734,5,1
734,6,0
735,0,1
735,1,1
735,2,0
735,3,0
735,4,1
735,5,1
735,6,0
735,7,1
735,8,0
735,9,1
735,10,1
736,0,0
736,1,1
736,2,0
736,3,0
736,4,0
736,5,0
736,6,1
736,7,0
736,8,0
737,0,0
737,1,0
737,2,0
737,3,0
737,4,0
737,5,0
737,6,1
737,7,0
738,0,1
738,1,0
738,2,0
738,3,1
739,0,0
739,1,0
739,2,1
739,3,0
739,4,0
739,5,0
739,6,1
739,7,1
739,8,1
739,9,0
739,10,1
739,11,0
740,0,0
740,1,1
740,2,0
740,3,1
740,4,1
740,5,0
740,6,1
740,7,1
741,0,1
741,1,1
741,2,0
741,3,1
741,4,1
742,0,0
742,1,0
742,2,0
742,3,1
742,4,1
742,5,0
742,6,0
742,7,0
743,0,1
743,1,0
743,2,1
743,3,0
743,5,0
743,6,1
743,7,0
743,8,0
743,9,1
743,10,1
743,11,1
744,0,1
745,0,0
745,1,1
746,0,0
746,1,0
746,2,1
746,3,0
747,0,1
747,1,0
747,2,0
747,3,1
747,4,0
747,5,1
747,6,0
747,7,1
747,8,0
747,9,0
747,10,1
747,11,1
747,12,0
748,0,0
748,2,1
748,3,1
749,0,0
749,1,0
749,2,1
749,3,1
749,4,1
749,5,0
750,0,1
750,1,1
750,2,0
750,3,0
750,4,1
750,5,0
750,6,1
750,7,1
750,8,1
750,9,1
751,0,1
751,1,0
751,2,0
751,3,0
751,4,1
751,5,1
751,6,0
751,7,0
751,8,0
752,0,0
752,1,0
752,2,1
752,3,0
753,0,0
753,1,0
753,2,1
753,3,1
753,4,1
753,5,1
754,0,1
754,1,1
754,2,0
754,3,0
754,4,1
755,0,1
755,1,0
755,2,1
755,3,0
755,4,0
756,0,1
756,1,0
756,2,1
756,3,1
757,0,0
757,1,1
757,2,0
757,3,1
757,4,1
757,5,1
757,6,1
757,7,1
757,8,0
758,0,1
758,1,0
758,2,0
758,3,1
758,4,0
758,5,0
758,6,0
758,7,1
759,0,0
759,1,0
759,2,0
759,3,0
760,0,1
760,1,0
760,2,1
760,3,1
760,4,1
761,0,1
761,1,1
761,2,1
761,3,0
761,4,1
761,5,0
762,0,0
762,1,1
762,2,1
762,3,1
762,4,0
762,5,1
762,6,1
762,7,0
763,0,1
763,1,1
763,2,0
764,0,1
764,1,0
764,2,0
764,3,1
764,4,0
764,5,1
764,6,1
764,7,1
764,8,1
764,9,0
765,0,0
765,1,0
765,2,0
765,3,0
765,4,1
765,5,1
765,6,0
765,7,1
765,8,0
765,9,1
766,0,1
766,1,0
767,0,1
767,1,1
767,2,0
768,0,0
768,1,0
768,2,0
768,3,1
768,4,1
768,5,0
768,6,1
769,0,0
769,1,1
769,2,0
769,3,0
769,4,1
769,5,1
769,6,0
770,0,1
770,1,0
770,2,1
770,3,0
770,4,1
770,5,1
771,0,0
771,1,0
771,2,0
771,3,1
771,4,0
771,5,1
772,0,1
772,1,0
772,2,1
772,4,0
772,5,0
773,0,1
773,1,0
773,2,1
773,3,0
773,4,0
773,5,0
774,0,1
774,1,1
774,2,0
775,0,0
775,1,1
775,2,1
776,0,0
776,1,1
776,2,0
776,3,1
776,4,1
776,6,1
776,7,0
776,8,0
776,9,1
777,0,1
777,1,0
777,2,1
777,3,1
777,4,1
777,5,0
778,0,0
778,1,1
778,2,1
778,3,1
778,4,0
778,5,0
778,6,1
779,0,1
779,1,1
779,2,0
779,3,0
779,4,1
779,5,0
779,6,0
779,7,0
779,8,0
779,9,0
780,0,0
780,1,0
780,2,0
780,3,0
780,4,0
780,5,1
780,6,1
781,0,1
781,1,0
782,0,1
782,1,1
783,0,0
783,1,0
783,2,0
783,3,1
783,4,0
784,0,0
784,1,1
784,2,0
785,0,1
785,1,1
785,2,1
785,3,1
785,4,0
785,5,0
785,6,1
785,7,1
786,0,1
786,1,0
786,2,1
786,3,1
786,4,0
787,0,0
787,1,0
787,2,1
787,3,1
788,0,1
788,1,0
788,2,0
788,3,1
788,4,0
788,5,1
789,0,0
789,1,0
789,2,0
789,3,1
789,4,1
789,5,1
790,0,1
790,1,1
790,2,1
790,3,1
790,4,1
790,5,0
791,0,0
791,1,1
791,2,0
791,3,0
791,4,1
791,5,0
791,6,1
792,0,1
792,1,0
792,2,0
792,3,1
792,4,0
792,5,1
792,6,0
792,7,1
792,8,1
792,9,1
792,10,1
793,0,0
793,1,0
793,2,1
793,3,0
793,4,0
793,5,1
793,6,1
794,0,1
794,1,1
794,2,0
794,3,1
794,4,0
794,5,0
794,6,0
794,7,0
795,0,1
796,0,1
796,1,0
796,2,0
796,3,0
796,4,0
796,5,0
796,6,0
796,7,0
796,8,1
796,9,1
797,0,1
797,1,1
797,2,0
797,3,0
797,4,0
797,5,1
797,6,0
797,7,1
797,8,1
798,0,0
798,1,0
798,2,1
798,3,0
798,4,1
798,5,1
798,7,0
798,8,1
798,9,0
798,10,0
798,12,0
799,0,1
799,1,1
799,2,0
799,3,1
799,4,0
800,0,1
800,1,1
800,2,1
800,3,0
800,4,1
800,5,0
800,6,0
800,7,1
801,0,1
801,1,0
801,2,0
801,3,1
801,4,0
801,5,0
802,0,0
802,1,0
802,2,1
802,3,0
802,4,0
802,5,0
802,6,1
802,7,0
802,8,1
802,9,0
802,10,1
803,0,1
803,1,0
803,2,1
803,3,0
804,0,0
804,1,1
804,2,0
804,3,1
804,4,1
804,5,0
804,6,0
804,7,0
805,0,1
805,1,1
805,2,1
805,3,1
805,4,0
805,5,0
805,6,0
805,7,1
806,0,1
806,1,1
806,2,1
806,3,0
806,4,0
807,0,1
807,1,1
808,0,0
808,1,0
808,2,0
808,3,0
808,4,1
809,0,0
809,1,1
809,2,0
809,4,1
809,5,1
809,6,1
809,7,0
809,8,1
809,9,0
810,0,0
810,1,1
810,2,0
811,0,1
811,1,1
811,2,1
811,3,0
811,4,0
811,5,0
812,0,0
812,1,1
812,2,0
812,3,0
812,4,0
812,5,1
812,6,1
812,7,1
812,8,0
812,9,0
813,0,1
813,1,1
813,2,0
813,3,1
813,4,0
813,5,1
813,6,0
813,7,0
813,8,1
813,9,1
813,10,1
814,0,1
814,1,1
814,2,1
814,3,0
814,4,0
814,5,0
814,6,1
814,7,1
814,8,1
815,0,0
815,1,0
815,2,1
815,3,0
815,4,0
815,5,1
815,6,0
816,0,0
816,1,0
816,2,0
816,3,0
816,4,1
816,5,0
816,6,1
816,7,0
816,8,0
816,9,1
816,10,1
816,11,1
817,1,0
817,2,1
817,4,0
817,5,0
818,0,1
818,1,0
819,0,1
819,1,0
820,0,0
820,1,0
820,2,1
820,3,1
820,4,0
821,0,1
821,1,0
821,2,0
821,3,0
821,4,1
821,5,1
821,6,1
821,7,1
821,8,1
821,9,0
822,0,1
822,1,0
822,2,0
822,3,0
822,4,1
822,5,0
823,0,1
823,1,1
823,2,1
823,3,1
823,4,1
823,5,1
824,0,1
824,2,0
824,3,0
824,4,1
825,0,0
825,1,0
825,2,1
825,3,1
825,4,1
826,0,1
826,1,0
827,0,0
827,1,0
827,2,1
827,3,1
828,0,1
828,2,0
828,3,1
828,4,1
828,5,1
828,6,1
829,0,0
829,1,0
829,2,0
829,3,1
829,4,0
829,5,0
830,0,0
830,1,0
830,2,0
830,3,0
831,0,0
831,1,0
831,2,1
832,0,1
832,1,1
832,2,0
832,3,1
833,0,0
833,1,0
833,2,1
833,3,1
833,4,0
833,5,0
833,6,0
833,7,0
834,0,1
834,1,1
834,2,1
834,3,1
834,4,0
834,5,1
835,0,0
835,2,0
835,3,1
835,4,0
835,5,0
835,6,1
835,7,1
835,8,0
836,0,1
836,1,1
836,2,0
836,3,0
836,4,0
836,5,0
836,6,1
837,0,0
837,1,0
837,2,0
837,3,1
837,4,0
837,5,1
837,6,1
837,7,1
837,8,0
838,0,1
838,1,1
838,2,1
838,3,0
838,4,0
838,5,0
838,6,0
839,0,1
839,1,0
839,2,1
839,3,0
840,0,0
840,1,0
840,2,1
840,3,1
840,4,0
841,0,0
841,1,1
841,2,1
841,3,0
842,0,1
842,1,1
842,2,1
842,3,1
842,4,1
842,5,0
842,6,0
842,7,0
843,0,1
843,1,1
843,2,0
843,3,1
843,4,1
843,6,1
844,0,1
844,1,0
844,2,1
844,3,0
844,4,1
845,0,0
846,0,1
846,1,1
846,2,0
846,3,0
846,4,1
846,5,0
846,7,0
846,8,0
847,0,1
847,1,0
847,2,0
847,3,0
847,4,1
847,5,0
847,6,1
848,0,0
848,1,1
848,2,1
848,3,1
849,0,0
849,1,1
849,2,0
849,3,0
849,4,0
849,5,0
849,6,1
850,0,1
850,1,0
851,0,0
851,1,0
851,2,0
851,3,0
851,4,0
851,5,0
851,6,0
852,0,0
852,1,0
852,2,0
852,3,0
852,4,1
852,5,0
852,6,0
853,0,1
853,1,1
853,2,1
853,3,0
853,4,0
853,5,1
853,6,0
853,7,1
853,8,1
853,9,0
854,1,1
854,2,1
854,3,0
854,4,0
854,5,0
854,6,0
855,0,0
855,1,1
855,2,0
855,3,1
855,4,0
855,5,1
855,6,0
855,7,1
855,8,1
856,0,0
856,1,1
856,2,0
856,3,0
856,4,0
857,0,0
857,1,0
857,2,1
857,3,0
857,4,1
857,5,0
857,6,1
858,0,1
858,1,1
858,2,0
858,3,1
858,4,1
858,5,0
858,6,1
858,7,1
858,8,1
858,9,0
859,0,0
860,0,1
860,1,0
860,2,1
860,3,1
860,4,1
861,0,0
861,1,0
861,2,0
861,3,0
861,4,0
861,5,1
862,0,0
862,1,0
862,2,1
862,3,0
862,4,0
862,5,0
863,0,1
863,1,1
863,2,0
864,0,1
864,1,0
864,2,1
864,3,0
864,4,1
864,5,0
864,6,0
864,7,0
864,8,0
865,0,0
865,1,0
865,2,1
865,3,1
865,4,1
865,5,0
866,0,1
866,1,0
866,2,0
866,3,0
866,4,0
866,5,1
867,0,1
867,1,1
867,2,0
867,3,1
867,4,1
868,0,0
868,1,1
868,2,0
869,0,1
869,1,0
869,2,1
869,3,1
869,4,0
870,0,0
870,1,0
871,0,0
871,1,0
871,2,0
871,3,1
871,4,0
871,5,1
872,0,1
872,2,0
872,3,1
872,4,0
872,5,0
872,6,1
872,7,1
873,0,0
873,1,1
873,2,0
873,3,1
873,4,0
873,5,1
874,0,1
874,1,0
874,2,0
874,3,0
874,4,0
875,0,1
875,1,1
875,2,0
875,3,0
875,4,1
875,5,1
875,6,0
876,0,1
876,1,1
876,2,0
876,3,0
876,4,0
876,5,1
876,6,1
876,7,1
876,8,1
876,9,1
876,10,1
877,0,1
877,1,0
878,0,0
878,1,0
878,2,0
878,3,1
878,4,1
878,5,0
878,6,1
878,7,1
879,0,1
879,1,0
879,2,1
879,3,1
880,0,1
880,1,1
880,2,1
880,3,1
880,4,1
880,5,1
880,6,0
880,7,1
880,8,0
881,0,1
881,1,1
881,2,0
881,3,0
881,4,0
881,5,0
882,0,1
882,1,1
882,2,1
882,3,0
882,4,0
882,5,0
882,6,0
883,0,1
883,1,0
883,2,1
883,3,1
883,4,1
883,5,1
883,6,1
883,7,1
883,8,0
883,9,1
884,0,0
884,1,1
884,2,0
884,3,1
884,4,1
884,5,1
884,6,1
885,0,1
885,1,1
885,2,0
885,3,0
885,4,0
885,5,1
885,6,0
885,7,0
885,8,0
885,9,1
886,0,1
886,1,0
886,2,1
886,3,0
886,4,0
886,5,1
886,6,1
886,7,0
887,0,0
887,1,0
887,2,1
887,3,0
887,4,1
887,5,1
887,6,0
887,7,0
887,8,0
887,9,0
887,10,1
888,0,0
888,1,1
888,2,0
888,3,0
888,4,1
888,5,0
889,1,0
889,2,0
889,3,1
889,4,1
889,5,0
890,0,1
890,1,0
890,2,1
890,3,0
890,4,0
890,5,1
890,6,1
890,7,0
891,0,0
891,1,1
891,2,0
891,3,1
891,4,0
892,0,0
892,1,1
892,2,0
892,3,0
892,4,0
892,5,0
893,0,1
893,1,0
893,2,1
893,3,1
893,4,0
893,5,0
894,0,0
894,1,1
894,2,1
894,3,0
894,4,0
894,5,1
894,6,1
894,7,1
895,0,1
895,1,1
895,2,1
895,3,0
895,4,0
896,0,1
896,1,0
896,2,0
896,3,1
897,0,0
897,1,0
897,2,1
897,3,1
897,4,0
897,5,0
898,0,0
898,1,1
898,2,1
898,3,1
898,4,0
898,5,0
899,0,1
899,1,0
899,2,0
899,3,1
899,4,0
899,5,0
899,6,1
899,7,0
899,8,0
899,9,1
900,0,1
900,1,0
900,2,0
900,3,0
900,4,1
901,0,0
901,1,0
901,2,0
902,0,1
902,1,1
902,2,0
902,3,0
902,4,1
902,5,1
903,0,1
903,1,0
903,2,1
903,3,1
903,4,0
903,5,1
904,0,1
904,1,0
904,2,1
904,3,1
904,4,0
904,5,0
904,6,0
904,7,1
905,0,1
905,1,1
905,2,0
905,3,1
905,4,0
905,5,0
905,6,0
905,7,1
905,8,0
906,0,1
906,1,1
906,2,0
906,3,0
906,4,1
906,5,0
907,0,1
907,1,0
907,2,0
907,3,1
907,4,0
907,5,0
907,6,0
907,7,1
908,0,1
908,1,1
908,2,0
908,3,1
908,4,0
908,5,1
908,6,1
908,7,0
908,8,0
908,9,0
908,10,0
909,0,0
909,1,1
909,2,1
909,3,1
909,4,0
910,0,1
910,1,1
910,2,1
910,3,0
910,4,1
910,5,0
910,6,0
911,0,0
911,1,0
911,2,0
911,3,1
911,4,1
911,5,0
911,6,0
911,7,1
912,0,1
912,1,1
912,2,0
912,3,1
912,4,1
912,5,1
912,6,1
912,7,0
912,8,0
912,9,0
913,0,0
913,1,1
913,2,1
913,3,1
913,4,1
913,5,0
913,6,0
913,7,0
914,0,1
914,1,0
914,2,1
914,3,0
914,4,0
914,5,1
914,6,0
914,7,0
914,8,1
914,9,0
914,10,0
914,11,1
915,0,0
915,1,1
915,2,0
915,3,0
915,4,0
915,5,0
916,0,0
916,1,0
916,2,1
916,3,0
916,4,1
916,5,0
916,6,0
917,0,1
917,1,0
917,2,1
917,3,1
917,4,1
917,5,0
918,0,0
918,1,0
919,0,0
919,1,0
919,2,0
920,0,1
920,2,0
920,3,0
920,4,0
920,5,0
920,6,0
920,7,0
920,8,0
920,9,1
920,10,0
921,0,1
921,1,1
921,2,1
921,3,0
921,4,0
921,5,1
921,6,0
921,7,1
921,8,0
922,0,1
922,1,1
922,2,0
922,3,0
922,4,1
922,5,0
922,6,1
922,7,0
922,8,1
922,9,1
922,10,0
923,0,0
923,1,1
923,2,1
923,3,1
923,4,0
923,5,1
924,0,0
924,1,1
924,2,1
925,0,0
925,1,1
925,2,1
926,0,0
926,1,0
926,2,1
926,3,0
926,4,0
926,5,0
926,6,1
926,7,1
926,8,1
926,9,1
926,10,0
926,11,0
927,0,0
927,1,0
928,0,0
928,1,1
928,2,0
928,3,0
929,1,1
929,2,0
929,3,0
929,4,0
929,5,1
929,6,1
929,7,1
930,0,1
930,1,0
930,2,0
930,3,0
930,4,1
931,0,1
931,1,1
931,2,1
931,3,0
931,4,0
931,5,1
931,6,1
931,7,1
932,0,0
932,1,0
932,2,0
932,3,1
933,0,0
933,1,0
933,2,0
933,3,1
933,4,1
934,0,0
934,1,0
934,2,0
935,0,1
935,1,0
935,2,1
935,3,0
936,0,1
936,1,1
936,2,0
936,3,1
936,4,1
936,5,0
936,6,1
936,7,1
937,0,0
937,1,0
937,2,1
937,3,0
937,4,1
937,5,0
938,0,0
938,1,0
938,2,1
938,3,1
938,4,1
938,5,1
939,0,0
939,1,0
939,2,0
939,3,0
939,4,1
939,5,1
940,0,1
940,1,1
940,2,1
941,0,0
941,1,0
941,2,0
941,3,0
941,4,1
941,5,1
942,0,1
942,1,1
942,2,0
942,3,0
942,4,1
942,5,0
942,6,0
942,7,0
943,0,1
943,1,1
943,2,0
943,3,1
944,0,1
944,1,0
944,2,0
944,3,1
944,4,0
944,5,1
944,6,1
944,7,1
945,0,1
945,1,1
945,2,1
945,3,0
945,4,0
945,5,0
946,0,1
947,0,0
947,1,1
947,3,1
947,4,0
947,5,0
947,6,0
947,7,1
948,0,1
948,1,0
948,2,1
948,3,1
948,4,0
948,5,1
948,6,1
948,7,0
948,8,1
948,9,1
948,10,0
949,0,0
949,1,1
949,2,1
949,3,0
949,4,0
949,5,1
949,6,0
949,7,0
950,0,1
950,1,1
950,2,1
950,3,1
950,4,1
950,5,0
950,6,1
950,7,0
950,8,0
950,9,0
951,0,0
951,1,1
951,2,1
951,3,1
951,4,0
951,5,0
951,6,0
951,7,1
951,8,1
952,0,1
952,1,0
952,2,0
952,3,0
953,0,1
953,1,1
953,2,0
953,3,1
953,4,1
953,5,0
953,6,0
953,7,0
954,0,0
954,1,0
955,0,1
955,1,1
955,2,0
955,3,0
955,4,0
955,5,1
955,6,1
955,7,0
955,8,0
955,9,0
955,10,1
956,0,0
956,1,1
956,2,1
956,3,1
956,4,1
956,5,0
956,6,0
957,0,0
957,1,0
957,2,1
957,3,0
957,4,1
957,5,0
957,6,0
957,7,1
958,0,1
958,1,0
958,2,1
958,3,0
958,4,1
958,5,1
958,6,0
959,0,0
959,1,1
959,2,1
959,3,0
959,4,1
959,5,0
959,6,1
959,7,0
960,0,0
960,2,0
960,3,1
960,4,1
960,5,0
961,0,1
961,1,1
961,2,0
961,3,0
961,4,1
962,0,1
962,1,1
962,2,1
962,3,0
962,4,0
962,5,0
963,0,0
963,1,1
963,3,1
963,4,1
963,5,0
963,6,1
963,7,0
963,8,0
963,9,0
964,0,1
964,1,0
964,2,1
964,3,1
965,0,0
965,1,1
965,2,1
965,3,1
965,4,0
966,0,0
966,1,0
966,2,0
966,3,0
966,4,0
966,5,0
966,6,1
966,7,0
967,0,1
967,1,0
967,2,0
967,3,0
968,0,0
968,1,0
968,2,1
968,3,1
969,0,1
969,1,0
969,2,1
969,3,0
969,4,1
969,5,0
969,6,0
969,7,0
970,0,1
970,1,0
970,2,1
970,3,1
970,4,0
970,5,0
970,6,1
970,7,1
971,0,1
971,1,0
971,2,0
971,3,0
971,4,1
971,5,0
971,6,0
971,7,1
972,0,1
972,1,0
972,2,1
972,3,0
972,4,1
972,5,0
972,6,1
973,0,1
973,1,0
973,2,1
974,0,1
974,1,0
974,2,0
974,3,1
974,4,0
974,5,0
974,6,0
974,7,1
975,0,1
975,1,1
975,2,1
975,3,1
975,4,1
976,0,1
976,1,0
976,2,1
976,3,0
976,4,1
976,5,0
976,6,1
976,7,0
976,8,0
976,9,0
976,10,1
977,0,1
977,1,1
977,2,1
977,3,1
977,4,0
977,5,0
977,6,1
977,7,1
977,8,0
978,0,1
978,1,1
978,2,0
978,3,1
978,4,1
978,5,0
979,0,0
979,1,1
979,2,1
979,3,0
979,4,1
979,5,0
979,6,1
980,0,1
980,1,1
980,2,1
980,3,0
980,4,1
980,5,1
980,6,1
981,0,0
981,1,0
981,2,0
981,3,1
981,4,0
981,5,0
981,6,0
981,7,0
981,8,0
982,0,0
982,1,0
982,2,0
982,3,1
982,4,0
982,5,0
982,6,0
983,0,1
983,1,0
983,2,1
983,3,0
983,4,0
983,5,0
983,6,1
983,7,0
983,8,0
983,9,1
983,10,0
983,11,1
984,0,1
984,1,0
984,2,1
984,3,0
984,4,0
984,5,1
984,6,1
984,7,0
984,8,1
984,9,0
984,10,0
985,0,0
985,1,0
985,2,0
985,3,1
985,4,1
985,5,0
986,0,1
986,1,1
986,2,1
986,3,0
986,4,0
986,5,0
986,6,0
986,7,1
986,8,0
987,0,1
987,1,1
987,2,1
988,0,0
988,1,1
988,2,1
988,3,1
988,4,1
988,5,0
988,6,0
989,0,0
989,2,0
989,3,1
989,4,0
989,5,0
989,6,0
989,7,1
989,8,0
989,9,1
990,0,0
990,1,0
991,0,0
991,1,0
991,2,1
991,3,0
991,4,1
991,5,1
992,0,0
992,1,0
992,2,0
992,3,0
992,4,0
992,5,1
992,6,0
993,0,1
993,1,0
993,2,0
993,3,1
993,4,1
993,5,0
994,0,1
994,1,1
994,2,1
994,3,0
994,4,0
994,5,1
994,6,1
995,0,0
995,1,1
995,2,1
995,3,0
995,4,0
995,5,1
996,0,1
996,1,0
996,2,1
996,3,0
996,4,0
996,5,1
996,6,0
996,7,0
996,8,1
997,0,1
997,1,0
997,2,1
997,3,1
998,0,0
998,1,1
998,2,1
998,3,1
998,4,1
998,5,1
998,6,0
999,0,0
999,1,1
999,2,1
999,3,0
999,4,1
999,5,1
999,6,1
999,7,0
999,8,0
999,9,1
999,10,1
1000,0,1
1000,1,1
1000,2,1
1000,3,0
1000,4,0
1000,5,0
1000,6,0
1001,0,0
1001,1,1
1001,2,0
1001,3,0
1001,4,1
1001,5,0
1001,6,1
1001,7,0
1001,8,1
1001,9,1
1002,0,0
1002,1,0
1002,2,1
1002,3,0
1002,4,1
1002,5,0
1002,6,0
1002,7,1
1002,8,1
1003,0,0
1003,1,1
1003,2,1
1003,3,1
1004,0,1
1004,1,0
1005,0,0
1005,1,0
1005,2,1
1005,3,1
1005,4,0
1005,5,0
1005,6,1
1005,7,1
1005,8,1
1005,9,1
1005,10,1
1006,0,1
1006,1,1
1006,2,1
1006,3,1
1006,4,1
1006,5,0
1006,6,1
1006,7,1
1007,0,0
1007,1,1
1007,2,0
1008,0,1
1008,1,1
1008,2,1
1008,3,0
1008,4,1
1008,5,0
1008,6,1
1008,7,0
1008,8,1
1009,0,0
1009,1,1
1009,2,1
1009,3,1
1009,4,0
1009,5,1
1009,6,0
1009,7,0
1009,8,1
1009,9,0
1009,10,0
1010,0,0
1010,1,1
1010,2,0
1010,3,0
1010,4,1
1010,5,0
1010,6,1
1010,7,0
1010,8,1
1011,0,0
1011,1,1
1011,2,0
1011,3,1
1011,4,1
1011,5,1
1011,6,1
1011,7,1
1011,8,1
1011,9,1
1012,0,1
1012,1,1
1012,2,0
1012,3,1
1013,0,0
1013,1,1
1013,2,0
1013,3,1
1013,4,0
1014,0,1
1014,1,0
1014,2,1
1014,3,1
1014,4,1
1014,5,1
1014,6,0
1014,7,0
1015,0,1
1015,1,1
1015,2,1
1015,3,0
1015,4,0
1015,5,1
1015,6,0
1015,7,1
1015,8,1
1016,0,0
1016,1,1
1016,2,0
1016,3,1
1016,4,0
1016,5,0
1017,0,0
1017,1,0
1017,2,0
1017,3,1
1017,4,0
1017,5,1
1017,6,0
1017,7,0
1017,8,1
1017,9,0
1017,10,1
1018,0,1
1018,1,1
1018,2,0
1018,3,1
1018,4,1
1018,5,1
1018,6,0
1018,7,0
1018,8,1
1018,9,1
1018,10,0
1018,11,1
1019,0,1
1019,1,1
1019,2,0
1020,0,1
1020,1,1
1020,2,1
1021,0,0
1021,1,0
1021,2,0
1022,0,1
1022,1,1
1022,2,1
1022,3,0
1022,4,1
1022,5,0
1022,6,1
1022,7,1
1023,0,1
1023,1,0
1023,2,0
1023,3,0
1023,4,1
1023,5,0
1023,6,1
1023,7,0
1023,8,0
1023,9,1
1023,10,0
1024,0,0
1024,1,1
1024,2,1
1024,3,1
1024,4,1
1024,5,1
1024,6,0
1025,0,0
1025,1,0
1025,2,1
1025,3,1
1025,4,0
1025,5,0
1025,6,0
1025,7,0
1026,0,0
1026,1,0
1026,2,1
1026,3,1
1026,4,0
1026,5,1
1027,0,1
1027,1,1
1027,2,1
1027,3,0
1028,0,1
1028,1,0
1028,2,0
1028,3,1
1028,4,0
1029,0,1
1029,2,1
1029,3,0
1029,5,0
1029,6,1
1029,7,1
1029,8,0
1030,0,0
1030,1,1
1030,2,1
1030,3,1
1030,4,1
1030,5,0
1031,0,0
1031,1,1
1031,2,0
1031,3,0
1031,4,0
1031,5,0
1031,6,0
1032,0,1
1032,1,0
1032,2,0
1033,0,1
1033,1,0
1033,2,0
1033,3,0
1033,4,1
1033,5,1
1033,6,1
1033,7,1
1033,8,0
1033,9,1
1033,10,0
1033,11,0
1033,12,0
1034,0,0
1034,1,1
1034,2,0
1034,3,0
1034,4,0
1034,5,1
1034,6,0
1034,7,1
1034,8,0
1034,9,0
1034,10,0
1035,0,0
1035,1,1
1035,2,0
1035,3,0
1035,4,1
1035,5,0
1035,6,1
1035,7,0
1035,8,0
1036,0,0
1036,1,0
1036,2,1
1036,3,0
1036,4,1
1036,5,0
1036,6,0
1037,0,1
1037,1,1
1037,2,1
1037,3,1
1037,5,0
1037,6,0
1038,0,0
1038,1,0
1038,2,1
1038,3,1
1038,4,0
1038,5,0
1039,0,0
1039,1,0
1039,2,1
1039,3,0
1039,4,0
1039,5,1
1039,6,1
1039,7,1
1039,8,1
1039,9,1
1040,0,0
1040,1,1
1040,2,0
1040,3,1
1040,4,0
1041,0,0
1041,1,0
1041,2,0
1041,3,1
1041,4,1
1041,5,0
1041,6,0
1041,7,0
1042,0,0
1042,1,1
1042,2,1
1042,3,0
1042,4,1
1042,5,0
1042,6,1
1042,7,0
1043,0,1
1043,1,0
1043,2,0
1043,3,0
1043,4,0
1043,5,1
1044,0,1
1044,1,1
1044,2,1
1044,3,1
1044,4,1
1044,5,1
1044,6,0
1045,0,1
1045,1,0
1045,2,0
1045,3,0
1045,4,1
1045,5,1
1045,6,0
1045,7,1
1045,8,0
1045,9,1
1046,0,0
1046,1,0
1046,2,0
1046,3,0
1046,4,1
1046,5,1
1046,6,0
1046,7,1
1047,0,0
1047,1,1
1047,2,0
1047,3,0
1047,4,1
1048,0,1
1048,1,0
1048,2,0
1049,0,1
1049,2,1
1049,3,0
1049,4,1
1049,5,1
1049,6,1
1049,7,0
1050,0,0
1050,1,1
1050,2,1
1050,3,1
1050,4,1
1050,5,0
1050,6,0
1051,0,0
1051,1,0
1051,2,0
1051,3,0
1051,5,1
1051,6,0
1051,7,0
1051,8,0
1051,9,1
1051,10,1
1052,0,1
1052,1,1
1052,2,1
1052,3,1
1052,4,0
1052,5,0
1052,6,1
1052,7,0
1052,8,1
1053,0,1
1053,1,0
1053,2,0
1053,3,0
1053,4,0
1053,5,0
1053,6,1
1053,7,1
1053,8,0
1054,0,1
1054,1,0
1054,2,1
1054,3,1
1054,4,1
1054,5,0
1054,6,1
1054,7,0
1054,8,1
1054,9,1
1054,10,1
1054,11,1
1055,0,0
1055,1,0
1055,2,0
1055,3,0
1055,4,1
1055,5,1
1055,6,1
1055,7,1
1055,8,1
1055,9,1
1056,0,0
1056,1,0
1056,2,0
1056,3,0
1056,4,0
1057,0,1
1057,1,0
1057,2,1
1057,3,0
1057,4,0
1058,0,0
1058,1,1
1058,2,1
1058,3,0
1058,4,0
1058,5,1
1058,6,0
1058,7,0
1058,8,0
1059,0,1
1059,1,0
1059,2,1
1059,3,0
1059,4,0
1059,5,0
1059,6,1
1060,0,1
1060,1,0
1060,2,1
1060,3,0
1060,4,1
1060,5,0
1060,6,1
1060,7,1
1060,8,1
1061,0,0
1061,1,1
1061,2,0
1061,3,0
1062,1,0
1062,2,0
1062,3,0
1062,4,0
1063,0,0
1063,1,0
1063,2,0
1063,3,1
1063,4,1
1063,5,0
1063,6,1
1063,7,0
1063,8,0
1064,0,1
1064,2,1
1064,3,1
1064,4,1
1064,5,1
1065,0,1
1065,1,0
1065,2,0
1065,3,0
1065,4,0
1065,5,0
1066,0,0
1066,1,0
1066,2,0
1066,3,1
1067,0,0
1067,1,0
1067,2,0
1067,3,1
1067,4,0
1067,5,0
1067,6,0
1068,0,0
1068,1,0
1068,2,0
1068,3,0
1068,4,0
1068,5,0
1068,6,1
1068,7,0
1068,8,1
1069,0,0
1069,1,0
1069,2,0
1069,3,0
1069,4,0
1069,5,1
1069,6,1
1069,7,0
1069,8,1
1069,9,0
1069,10,1
1070,0,1
1070,1,0
1070,2,1
1070,3,0
1070,4,1
1071,0,1
1071,1,1
1071,2,0
1072,0,1
1072,1,0
1072,2,1
1072,3,0
1072,4,0
1073,0,1
1073,1,1
1073,2,1
1073,3,1
1073,4,1
1074,0,1
1074,1,1
1074,2,1
1074,3,1
1074,4,1
1074,5,0
1074,6,0
1074,7,0
1075,0,1
1075,1,1
1075,2,0
1075,3,1
1075,4,0
1075,5,0
1075,6,0
1075,7,0
1075,8,0
1075,9,1
1075,10,0
1076,0,1
1076,1,1
1076,2,0
1077,0,0
1077,1,1
1077,2,0
1077,3,1
1077,4,0
1077,5,0
1078,0,0
1078,1,0
1078,2,0
1078,3,1
1079,0,0
1079,1,1
1079,2,0
1079,4,1
1079,5,0
1079,6,1
1079,7,1
1079,8,1
1079,9,0
1080,0,0
1080,1,1
1080,2,1
1080,3,0
1081,0,1
1081,1,0
1081,2,1
1081,3,1
1082,0,0
1082,1,0
1083,0,1
1083,1,0
1083,2,1
1083,3,1
1083,5,1
1083,6,0
1083,7,0
1083,8,0
1084,0,0
1085,0,0
1085,1,0
1085,2,0
1085,3,0
1085,4,0
1086,0,1
1086,1,1
1086,2,1
1086,4,0
1086,5,1
1086,6,0
1086,7,0
1086,8,1
1087,0,1
1087,1,1
1087,2,1
1087,3,1
1087,4,0
1087,5,1
1087,6,0
1088,0,0
1088,1,1
1088,2,1
1088,3,0
1088,4,1
1088,5,0
1088,6,1
1089,0,0
1089,1,0
1089,2,1
1090,0,1
1090,1,0
1090,2,1
1090,3,1
1091,0,1
1091,1,1
1091,2,1
1091,3,1
1091,4,0
1091,5,1
1091,6,1
1092,0,0
1092,1,1
1092,2,0
1092,3,1
1092,4,1
1093,0,1
1093,1,1
1093,2,1
1094,0,0
1094,1,0
1094,2,0
1094,3,0
1094,4,0
1094,5,0
1094,6,1
1094,7,1
1095,0,0
1095,1,0
1095,2,0
1095,3,0
1095,4,1
1095,5,0
1095,6,1
1095,7,0
1096,0,0
1096,1,0
1096,2,1
1096,3,1
1096,4,0
1096,5,1
1096,6,1
1096,7,1
1096,8,0
1096,9,1
1096,10,1
1097,0,0
1097,1,0
1097,2,0
1097,3,1
1098,0,1
1098,1,1
1099,0,0
1099,1,0
1099,2,0
1099,3,0
1100,0,0
1100,1,1
1100,2,1
1101,0,0
1101,1,1
1101,2,0
1101,3,0
1101,4,1
1101,5,1
1102,0,1
1102,1,1
1102,2,0
1102,3,0
1102,4,0
1102,5,1
1102,6,1
1102,7,0
1102,8,1
1102,9,1
1103,0,0
1103,1,1
1103,2,1
1103,3,0
1103,4,1
1103,5,1
1103,6,0
1103,8,0
1104,0,1
1104,1,0
1104,2,0
1105,0,0
1105,1,1
1105,2,1
1105,3,1
1105,4,0
1105,5,0
1106,0,1
1106,1,0
1106,2,0
1106,3,0
1106,4,1
1106,5,0
1106,6,1
1106,7,0
1107,0,0
1107,1,0
1107,2,0
1108,0,0
1108,1,0
1108,2,0
1108,3,1
1108,4,1
1108,5,0
1108,6,0
1108,7,0
1108,8,0
1108,9,0
1109,0,1
1109,1,0
1109,2,0
1109,3,0
1109,4,0
1109,5,0
1109,6,1
1109,7,1
1109,8,1
1110,0,1
1110,1,1
1110,2,1
1110,3,0
1110,4,1
1111,0,0
1111,1,1
1111,2,0
1111,3,0
1111,4,0
1112,0,0
1112,1,1
1112,2,0
1112,3,1
1113,0,0
1113,1,1
1113,2,0
1113,3,0
1113,4,0
1113,5,0
1114,0,0
1114,1,0
1114,2,0
1114,3,0
1114,4,1
1114,5,0
1114,6,0
1114,7,1
1115,0,1
1115,1,1
1115,2,0
1115,3,0
1115,4,0
1115,5,1
1116,0,0
1116,1,0
1116,2,0
1116,3,0
1116,4,1
1116,5,0
1117,0,0
1117,1,0
1117,2,0
1117,3,0
1117,4,1
1117,5,0
1118,0,0
1118,1,1
1118,2,1
1118,3,1
1118,4,0
1118,5,1
1118,6,0
1118,7,0
1118,8,1
1118,9,1
1118,10,0
1119,0,0
1120,0,1
1120,1,0
1120,2,0
1120,3,0
1120,4,0
1120,5,1
1120,6,0
1120,7,0
1121,0,0
1121,1,1
1121,2,1
1121,3,1
1122,0,1
1122,1,1
1122,2,1
1122,3,0
1122,4,0
1122,5,1
1122,6,0
1123,0,1
1123,1,1
1123,2,0
1123,3,0
1123,4,1
1123,5,1
1123,6,1
1124,0,0
1124,1,0
1124,2,0
1124,3,0
1124,4,1
1124,5,1
1124,6,1
1125,0,1
1125,1,0
1125,2,0
1125,3,0
1125,4,0
1125,5,0
1126,0,0
1126,1,0
1126,2,1
1126,3,1
1126,4,1
1126,5,1
1126,6,1
1127,0,0
1127,1,0
1127,2,1
1127,3,0
1127,4,0
1127,5,1
1128,0,1
1128,1,0
1128,2,1
1128,3,1
1128,4,0
1128,5,1
1128,6,1
1129,0,1
1129,1,1
1129,2,0
1129,3,1
1129,4,0
1129,5,0
1129,6,0
1130,0,1
1130,1,1
1130,2,1
1130,3,0
1130,4,0
1130,5,0
1130,6,0
1130,7,1
1131,0,0
1131,1,0
1131,2,0
1131,3,0
1131,4,1
1131,5,1
1131,6,1
1131,7,1
1131,8,0
1132,0,0
1132,1,1
1132,2,1
1132,3,0
1132,4,0
1132,5,1
1132,6,0
1132,7,0
1132,8,0
1133,0,1
1133,1,1
1133,2,0
1133,3,0
1133,4,1
1134,0,1
1134,1,0
1134,2,1
1134,3,1
1134,4,1
1134,5,0
1134,6,1
1135,0,0
1135,1,0
1135,2,0
1135,3,1
1135,4,0
1136,0,1
1136,1,0
1136,2,1
1136,3,1
1136,4,1
1136,5,1
1136,6,0
1136,7,0
1137,0,1
1137,1,0
1137,2,0
1137,3,1
1137,4,0
1137,5,0
1137,6,1
1137,7,0
1137,8,1
1138,0,1
1138,1,1
1138,2,0
1138,3,0
1138,4,0
1138,5,1
1139,0,0
1139,1,1
1139,2,1
1139,3,0
1139,4,0
1139,5,0
1140,0,1
1140,1,1
1140,2,1
1140,3,1
1140,4,0
1140,5,1
1141,0,0
1141,1,1
1141,2,1
1141,3,1
1141,4,1
1141,5,1
1141,6,0
1141,7,1
1141,8,0
1143,0,1
1143,1,1
1143,2,1
1143,3,1
1144,0,0
1144,1,0
1144,2,0
1144,3,0
1144,4,1
1144,5,0
1144,6,1
1144,7,1
1145,0,0
1145,1,1
1145,2,1
1145,3,0
1145,4,1
1146,0,1
1146,1,1
1146,2,1
1146,3,0
1146,4,0
1146,5,0
1146,6,0
1146,7,0
1146,8,0
1147,0,0
1147,1,0
1147,2,1
1147,3,1
1147,4,1
1147,5,0
1148,0,0
1148,1,0
1148,2,0
1148,3,1
1148,4,1
1149,0,1
1149,1,1
1149,2,1
1149,3,1
1149,4,1
1149,5,1
1149,6,0
1149,7,0
1149,8,1
1149,9,0
1149,10,0
1149,11,1
1150,0,1
1150,1,0
1150,3,0
1150,4,1
1150,5,0
1150,6,1
1151,0,1
1151,1,0
1151,2,0
1151,3,0
1151,4,0
1151,5,1
1152,0,0
1152,1,0
1152,2,0
1152,3,1
1152,4,0
1153,0,0
1153,1,1
1153,2,1
1153,3,0
1153,4,1
1153,5,0
1153,6,0
1153,7,0
1153,8,1
1153,9,0
1153,10,1
1153,11,0
1154,0,1
1154,1,1
1154,2,1
1154,3,1
1154,4,1
1154,5,0
1154,6,1
1154,7,1
1154,8,0
1154,9,1
1155,0,0
1155,1,0
1155,2,0
1155,3,0
1155,4,1
1155,5,1
1155,6,0
1155,7,1
1156,0,0
1156,1,0
1156,2,0
1156,3,0
1156,4,1
1156,5,0
1157,0,0
1157,1,1
1157,2,0
1157,3,0
1157,4,0
1157,5,1
1157,6,1
1157,7,0
1157,8,0
1157,9,0
1157,10,0
1157,11,0
1157,12,1
1158,0,0
1158,1,1
1158,2,1
1158,3,1
1158,4,0
1158,5,0
1158,6,1
1159,0,0
1159,1,0
1159,2,0
1159,3,0
1159,4,1
1159,5,1
1160,0,1
1160,1,0
1160,2,1
1160,3,0
1160,4,0
1160,5,1
1160,6,0
1160,7,0
1161,0,0
1161,1,1
1161,2,0
1161,3,0
1161,4,0
1161,5,0
1161,6,1
1162,0,1
1162,1,0
1162,2,1
1163,0,0
1163,1,1
1163,2,0
1163,3,1
1163,4,0
1163,5,0
1163,6,0
1164,0,0
1164,1,1
1164,2,0
1164,3,1
1164,4,1
1164,5,1
1164,6,0
1164,7,1
1165,0,0
1165,1,0
1165,2,1
1165,3,1
1165,4,1
1165,5,1
1165,6,1
1165,7,1
1165,8,1
1166,0,0
1166,1,0
1166,2,1
1166,3,1
1167,0,1
1167,1,1
1167,2,1
1167,3,1
1167,4,0
1167,5,0
1167,6,0
1167,7,0
1167,8,1
1168,0,0
1168,1,1
1168,2,1
1168,3,0
1169,0,0
1169,1,0
1169,2,1
1169,3,0
1169,4,1
1169,5,1
1170,0,0
1170,1,1
1170,2,0
1170,3,0
1170,4,1
1170,5,1
1171,0,1
1171,1,0
1171,2,0
1171,3,0
1171,4,0
1172,0,1
1172,1,1
1172,2,0
1172,3,1
1172,4,0
1172,5,1
1172,6,0
1172,7,1
1173,0,1
1173,1,0
1173,2,0
1173,3,0
1173,4,0
1173,5,1
1173,6,1
1173,7,1
1174,0,1
1174,1,1
1174,2,1
1174,3,1
1174,4,1
1174,5,0
1174,6,0
1175,0,0
1175,1,0
1175,2,0
1175,3,1
1176,0,1
1176,1,1
1176,2,1
1177,0,1
1177,1,1
1177,2,0
1177,3,0
1177,4,0
1177,5,0
1178,0,0
1178,1,0
1178,2,0
1178,3,0
1178,4,0
1178,5,1
1179,0,0
1179,1,0
1179,2,1
1179,3,1
1179,4,0
1179,5,0
1179,6,0
1179,7,1
1180,0,1
1180,1,1
1180,2,1
1181,0,0
1181,1,0
1181,2,1
1181,3,0
1181,4,0
1181,5,1
1181,6,1
1181,7,0
1181,8,0
1181,9,0
1181,10,1
1182,0,0
1182,1,0
1182,2,1
1182,3,1
1182,4,0
1182,5,0
1182,6,1
1183,0,0
1183,1,1
1183,3,1
1183,4,0
1184,0,0
1184,1,0
1184,2,0
1184,3,1
1185,0,1
1185,1,1
1185,2,1
1185,3,1
1185,4,1
1185,5,1
1185,6,0
1185,7,0
1185,8,1
1186,0,0
1186,1,0
1186,2,1
1186,3,1
1186,4,1
1186,5,0
1186,6,1
1186,7,1
1186,8,1
1186,9,1
1187,0,0
1187,1,1
1188,0,0
1188,1,1
1188,2,1
1188,3,0
1188,4,0
1188,5,1
1189,0,0
1189,1,0
1189,2,1
1189,3,1
1189,4,0
1189,5,0
1189,6,0
1189,7,1
1189,8,0
1189,9,0
1190,0,0
1190,1,0
1190,2,1
1190,3,0
1190,4,1
1190,5,0
1191,0,0
1191,1,1
1191,2,0
1191,3,0
1191,4,1
1191,5,0
1191,6,0
1192,0,0
1193,0,1
1193,1,0
1193,2,1
1193,3,0
1193,4,1
1193,5,0
1193,6,0
1193,7,0
1194,0,0
1194,1,1
1194,2,0
1194,3,0
1194,4,1
1195,0,1
1195,1,0
1195,2,1
1195,3,1
1195,4,0
1195,5,0
1195,6,0
1195,7,0
1195,8,0
1195,9,0
1196,0,1
1196,1,0
1196,2,1
1196,3,1
1196,4,0
1196,5,0
1196,6,0
1196,7,1
1196,8,1
1196,9,1
1197,0,0
1197,1,1
1197,2,0
1197,3,1
1197,4,1
1197,5,1
1197,6,1
1198,0,0
1198,1,1
1198,2,0
1198,3,1
1198,4,0
1198,5,0
1199,0,0
1199,1,0
1199,2,0
1199,3,0
1199,4,0
1199,5,0
1200,0,0
1200,1,1
1200,2,1
1200,3,1
1200,4,0
1201,0,0
1201,1,0
1201,2,0
1201,3,0
1202,0,0
1202,1,1
1202,2,1
1202,3,0
1202,4,0
1203,0,0
1203,1,0
1203,2,1
1203,3,1
1203,4,1
1204,0,1
1204,1,1
1204,2,1
1204,3,0
1204,4,0
1205,2,0
1205,3,0
1205,4,1
1205,5,0
1205,6,0
1205,7,1
1205,8,0
1206,0,1
1206,1,0
1206,2,0
1206,3,0
1206,4,1
1206,5,0
1206,6,0
1207,0,1
1207,1,0
1207,2,0
1207,3,1
1207,4,0
1207,5,0
1208,0,0
1208,1,1
1208,2,1
1208,3,0
1208,4,0
1208,5,1
1208,6,0
1209,0,1
1209,1,0
1209,2,1
1209,3,1
1209,4,0
1209,5,0
1209,6,0
1209,7,1
1209,8,0
1210,0,0
1210,1,0
1210,2,1
1210,3,0
1210,4,0
1210,5,0
1211,0,1
1211,1,1
1211,2,1
1211,3,1
1211,4,0
1211,5,0
1211,6,0
1212,0,1
1212,1,0
1212,2,0
1212,3,1
1212,4,1
1213,0,0
1213,1,0
1213,2,1
1213,3,1
1213,4,0
1213,5,1
1213,6,1
1213,7,1
1213,8,0
1213,9,1
1213,10,0
1214,0,0
1214,1,1
1214,2,0
1214,3,1
1214,4,1
1214,5,0
1214,6,0
1214,7,1
1214,8,1
1214,9,1
1214,10,0
1214,11,1
1215,0,1
1215,1,0
1215,2,0
1215,3,1
1215,4,1
1215,5,1
1216,0,0
1216,1,1
1216,2,0
1216,3,0
1216,4,0
1216,5,0
1216,6,0
1216,7,0
1217,0,0
1217,1,1
1217,2,1
1217,3,0
1217,4,1
1217,5,0
1218,0,1
1218,1,1
1218,2,1
1218,3,1
1218,4,0
1218,5,1
1218,6,0
1218,7,1
1218,8,1
1218,9,0
1219,0,0
1219,1,1
1219,2,1
1219,3,0
1219,4,1
1219,5,0
1219,6,0
1219,7,1
1220,0,0
1220,1,0
1220,2,0
1220,3,1
1220,4,1
1220,5,1
1220,6,0
1221,0,0
1221,1,1
1221,2,0
1221,3,1
1221,4,1
1221,5,1
1221,6,0
1221,7,0
1222,0,0
1222,1,0
1222,2,0
1222,3,1
1222,4,0
1223,0,1
1223,1,0
1223,2,1
1223,3,0
1223,4,1
1223,5,1
1223,6,1
1223,7,0
1224,0,0
1224,1,0
1224,2,1
1224,3,1
1224,4,1
1224,5,0
1224,6,1
1224,7,1
1225,0,0
1226,0,1
1226,1,0
1226,2,1
1226,3,1
1226,4,1
1226,5,1
1226,6,1
1226,7,0
1227,0,0
1227,1,0
1227,2,1
1227,3,0
1227,4,1
1227,5,0
1227,6,0
1227,7,0
1228,0,1
1228,1,0
1228,2,0
1228,3,1
1228,4,1
1228,5,0
1228,6,0
1228,7,0
1228,8,1
1229,0,1
1229,1,0
1229,2,1
1229,3,0
1230,0,1
1230,1,0
1230,2,0
1230,3,1
1230,4,0
1230,5,1
1230,6,0
1230,7,1
1230,8,1
1231,0,0
1231,1,0
1231,2,1
1231,3,1
1231,4,1
1231,5,1
1232,0,0
1232,1,0
1232,2,0
1232,3,1
1232,4,1
1232,5,0
1232,6,1
1232,7,1
1233,0,1
1233,1,1
1233,2,1
1233,3,1
1233,4,1
1233,5,1
1233,6,0
1233,7,1
1233,8,0
1234,0,0
1234,1,1
1235,0,1
1235,1,1
1235,2,1
1235,3,0
1235,4,1
1235,6,0
1235,7,0
1235,8,1
1235,9,0
1236,0,0
1236,1,0
1236,2,0
1236,3,0
1236,4,1
1236,5,0
1236,6,1
1237,0,1
1237,1,1
1237,2,1
1237,3,1
1237,4,1
1238,0,1
1238,1,0
1238,2,1
1238,3,0
1238,4,1
1239,0,1
1239,1,1
1239,2,0
1239,3,0
1239,4,0
1239,5,1
1239,6,0
1240,0,1
1240,1,0
1240,2,1
1240,3,0
1240,4,1
1240,5,1
1240,6,0
1240,7,1
1240,8,1
1240,9,0
1241,0,1
1241,1,1
1241,2,0
1241,3,1
1242,0,1
1242,1,1
1242,2,0
1242,3,0
1242,4,1
1242,5,0
1242,6,0
1242,7,0
1242,8,0
1242,9,1
1242,10,1
1242,11,1
1243,0,0
1243,1,1
1243,2,1
1243,3,1
1243,4,1
1244,0,1
1244,1,0
1244,2,0
1244,3,1
1244,4,0
1245,0,0
1245,1,0
1245,2,1
1245,3,0
1245,4,0
1245,5,1
1245,6,1
1246,0,0
1246,1,0
1246,2,0
1246,3,0
1246,4,1
1246,5,1
1246,6,0
1246,7,1
1247,0,0
1247,1,0
1247,2,1
1247,3,0
1248,0,0
1248,1,1
1248,2,1
1248,3,0
1248,4,1
1248,5,1
1248,6,0
1248,7,0
1248,8,1
1249,0,0
1249,1,0
1249,2,1
1249,3,0
1249,4,1
1249,5,0
1249,6,1
1249,7,1
1249,8,1
1249,9,0
1250,0,1
1250,1,1
1250,2,0
1250,4,1
1251,0,0
1251,1,0
1251,2,0
1251,3,0
1251,4,0
1251,5,0
1252,0,1
1252,1,1
1252,2,0
1252,3,0
1253,0,1
1253,1,0
1253,2,1
1253,3,0
1253,4,0
1253,5,1
1254,0,0
1254,1,0
1254,2,0
1254,3,1
1254,4,0
1254,5,1
1254,6,0
1254,7,1
1254,8,1
1254,9,0
1255,0,1
1255,1,0
1255,2,1
1255,3,1
1255,4,1
1255,5,0
1255,6,1
1256,0,1
1256,1,1
1256,2,0
1256,3,1
1256,4,1
1256,5,1
1257,0,0
1257,1,0
1257,2,0
1257,3,0
1257,4,1
1257,5,0
1258,0,0
1258,1,1
1258,2,1
1258,3,1
1258,4,0
1259,0,0
1259,1,1
1259,2,1
1259,3,1
1259,4,1
1259,5,1
1259,6,1
1259,7,1
1259,8,0
1260,0,0
1260,1,1
1260,3,1
1260,4,1
1260,5,0
1260,6,1
1261,0,0
1261,1,1
1261,2,0
1261,3,1
1261,4,0
1261,5,1
1261,6,0
1261,7,1
1262,0,0
1262,1,0
1262,2,1
1262,3,1
1263,0,1
1263,2,1
1263,3,1
1263,4,1
1263,5,1
1263,6,1
1263,7,0
1263,8,1
1263,9,1
1263,10,0
1264,0,0
1264,1,0
1264,2,1
1264,3,1
1265,0,0
1265,1,0
1265,2,1
1265,3,1
1265,4,0
1265,5,0
1265,6,1
1266,0,1
1266,1,0
1267,0,0
1267,1,0
1267,2,1
1267,3,0
1267,4,0
1267,5,1
1267,6,0
1267,7,1
1268,0,1
1268,1,0
1268,2,0
1268,3,0
1268,4,1
1268,5,1
1268,6,1
1268,7,1
1269,0,1
1269,1,0
1269,2,1
1269,3,1
1269,5,1
1270,0,0
1270,1,1
1270,2,0
1270,3,0
1270,4,0
1270,5,0
1270,6,0
1270,7,0
1271,0,0
1271,1,0
1271,2,0
1271,3,1
1271,4,0
1272,0,0
1272,1,1
1272,2,1
1272,3,1
1272,4,1
1272,5,0
1273,0,0
1273,1,0
1273,2,0
1273,3,1
1273,4,0
1273,5,0
1273,6,0
1273,7,0
1273,8,0
1274,0,1
1274,1,1
1274,2,1
1274,3,0
1274,4,0
1274,5,0
1274,6,0
1274,7,1
1275,0,0
1275,1,0
1275,2,1
1275,3,1
1275,4,1
1276,0,1
1276,1,0
1276,2,1
1276,3,0
1276,4,0
1276,5,0
1276,6,0
1276,7,0
1276,8,0
1276,9,0
1276,10,1
1277,0,1
1277,1,0
1277,2,1
1277,3,1
1277,4,1
1277,5,1
1278,0,0
1278,1,0
1278,2,0
1278,3,0
1278,4,1
1278,5,0
1278,6,0
1278,7,0
1279,0,0
1279,1,1
1279,2,0
1279,3,1
1279,4,1
1279,5,0
1279,6,0
1280,0,0
1280,1,0
1280,2,1
1280,3,0
1280,4,1
1280,5,0
1281,0,1
1281,1,1
1281,2,1
1281,3,0
1281,4,1
1281,5,1
1282,0,0
1282,1,1
1282,2,1
1282,3,1
1283,0,0
1283,1,0
1283,2,1
1284,0,0
1284,1,1
1284,2,0
1284,3,1
1284,4,1
1284,5,1
1284,6,1
1285,0,1
1285,1,1
1285,2,0
1286,0,1
1286,1,0
1286,2,0
1286,3,1
1286,4,1
1286,5,1
1287,0,0
1287,1,0
1287,2,1
1287,3,1
1287,4,0
1287,5,0
1287,6,1
1287,7,1
1288,0,0
1288,1,0
1288,2,1
1288,3,0
1288,4,0
1288,5,1
1289,0,0
1289,1,0
1289,2,1
1289,3,1
1289,4,0
1289,5,1
1290,0,0
1290,1,1
1290,2,1
1291,0,1
1291,1,0
1291,2,0
1291,3,0
1291,5,1
1291,6,0
1291,7,0
1291,8,0
1292,0,0
1292,1,0
1292,2,1
1292,3,0
1292,4,0
1292,5,0
1292,6,0
1293,0,1
1293,1,1
1293,2,0
1293,3,1
1293,4,1
1293,5,0
1293,6,0
1293,7,1
1293,8,0
1294,0,1
1294,1,1
1294,2,1
1294,3,1
1294,4,1
1294,5,0
1295,0,0
1295,1,1
1296,0,0
1296,1,1
1296,2,0
1297,0,0
1297,1,0
1297,2,0
1297,3,0
1297,4,0
1297,5,1
1297,6,0
1298,0,0
1298,1,0
1298,2,0
1298,3,1
1298,4,1
1298,5,1
1299,0,0
1299,1,0
1299,2,1
1299,3,1
1299,4,1
1299,5,0
1299,6,0
1299,7,1
1299,8,1
1300,0,0
1300,1,0
1300,2,1
1300,3,1
1300,4,0
1300,5,1
1300,6,1
1300,7,1
1301,0,1
1301,1,0
1301,2,0
1301,3,0
1301,4,0
1301,5,1
1301,6,0
1301,7,1
1301,8,0
1302,0,1
1302,1,1
1302,2,1
1302,3,1
1302,4,0
1302,5,1
1303,0,1
1303,1,0
1303,2,0
1303,3,0
1304,0,1
1304,1,1
1304,2,0
1305,0,1
1305,1,0
1305,2,0
1305,3,1
1305,4,0
1305,5,0
1305,6,1
1305,7,1
1306,0,0
1306,1,0
1306,2,0
1306,3,1
1306,4,0
1307,0,0
1307,1,0
1307,2,1
1307,3,0
1307,4,0
1307,5,1
1307,6,0
1307,7,1
1307,8,1
1308,0,1
1308,1,1
1308,2,0
1308,3,0
1308,4,1
1308,5,0
1308,6,0
1308,7,0
1308,8,0
1308,9,0
1308,10,0
1309,0,0
1310,0,1
1310,1,1
1310,2,0
1311,0,0
1311,1,0
1311,2,1
1311,3,1
1311,4,1
1311,5,0
1311,6,0
1311,7,0
1311,8,0
1311,9,0
1312,0,1
1312,1,1
1312,2,0
1312,3,0
1312,4,1
1312,5,0
1312,6,1
1312,7,0
1312,8,1
1312,9,1
1313,0,0
1313,1,1
1313,2,0
1313,3,0
1313,4,1
1313,5,0
1313,6,0
1314,0,1
1314,1,1
1315,0,1
1315,1,1
1315,2,0
1315,3,1
1315,4,0
1315,5,0
1315,6,0
1315,7,0
1316,0,1
1316,1,0
1316,2,1
1316,3,0
1316,4,0
1316,5,0
1316,6,0
1317,0,1
1317,1,1
1317,2,1
1317,3,0
1317,4,1
1318,0,0
1318,1,1
1318,2,0
1318,3,0
1318,4,1
1318,5,0
1319,0,1
1319,1,1
1319,2,0
1320,0,1
1320,1,0
1320,2,0
1320,3,1
1320,4,0
1321,0,0
1321,1,0
1321,2,0
1321,3,1
1321,4,0
1321,5,1
1321,6,0
1321,7,1
1321,8,0
1322,0,1
1322,1,1
1322,2,0
1322,3,0
1322,4,1
1322,5,1
1322,6,1
1323,0,1
1323,1,0
1323,2,1
1323,3,0
1323,4,1
1323,5,0
1323,6,0
1323,7,0
1324,0,0
1324,1,1
1324,2,0
1324,3,0
1324,4,0
1324,5,0
1324,6,0
1324,7,0
1325,0,1
1325,1,1
1325,2,1
1325,3,1
1325,4,0
1325,5,1
1326,0,1
1326,1,1
1326,2,0
1326,3,0
1326,4,0
1326,5,1
1326,6,0
1326,7,1
1326,8,0
1326,9,0
1327,0,1
1327,1,1
1327,2,1
1327,3,0
1327,4,1
1327,5,1
1327,6,1
1327,7,1
1327,8,0
1327,9,0
1327,10,0
1328,0,0
1328,1,1
1328,2,0
1328,3,1
1328,4,1
1328,5,1
1328,6,0
1328,7,0
1329,0,0
1329,1,1
1329,2,0
1329,3,1
1329,4,1
1329,5,0
1329,6,1
1329,7,0
1329,8,1
1329,9,1
1330,0,0
1330,1,1
1330,2,1
1330,3,1
1330,4,1
1330,5,0
1330,6,0
1330,7,0
1330,8,0
1330,9,1
1330,10,0
1331,0,0
1331,1,1
1331,2,1
1331,3,1
1331,4,0
1331,5,0
1332,0,1
1332,1,1
1332,2,1
1332,3,1
1332,4,0
1332,5,0
1332,6,1
1332,7,0
1332,8,1
1332,9,0
1332,10,0
1332,11,1
1332,12,0
1333,0,0
1333,1,1
1333,2,1
1333,3,0
1333,4,1
1333,5,0
1333,6,0
1334,0,0
1334,1,1
1334,2,1
1334,3,1
1334,4,1
1334,5,0
1335,0,0
1335,1,1
1335,2,1
1335,3,1
1335,4,1
1335,5,1
1335,6,0
1336,0,0
1336,1,0
1336,2,0
1336,3,0
1336,4,1
1336,5,1
1336,6,1
1336,7,1
1337,0,0
1337,1,0
1337,2,0
1337,3,0
1338,0,0
1338,1,1
1339,0,0
1339,1,1
1339,2,0
1339,3,1
1339,4,0
1339,5,1
1339,6,1
1340,0,1
1340,1,1
1340,2,1
1340,3,1
1340,4,1
1340,5,1
1341,0,1
1341,1,1
1341,2,0
1341,3,1
1341,4,1
1341,6,0
1341,7,1
1341,8,1
1342,0,1
1342,1,0
1342,2,0
1342,3,1
1342,4,0
1343,0,0
1343,1,1
1343,2,0
1343,3,0
1343,4,0
1343,5,1
1343,6,0
1343,7,0
1343,8,1
1344,0,0
1344,1,0
1344,2,0
1344,3,1
1344,4,1
1344,5,1
1345,0,0
1345,1,1
1345,2,0
1345,3,0
1345,4,0
1345,5,1
1346,0,0
1346,1,0
1346,2,1
1347,0,1
1347,1,1
1347,2,0
1347,3,1
1347,4,1
1348,0,1
1348,1,0
1348,2,0
1348,3,0
1348,4,1
1348,5,0
1349,0,1
1349,1,1
1349,2,1
1350,0,1
1350,1,1
1350,2,1
1350,3,1
1350,4,1
1350,5,0
1351,0,1
1351,1,0
1351,2,1
1351,3,0
1351,4,1
1351,5,0
1351,6,0
1351,7,0
1351,8,0
1352,0,0
1352,1,1
1352,2,1
1353,0,0
1353,1,0
1353,2,0
1353,3,0
1353,4,0
1353,5,1
1353,6,0
1353,7,0
1354,0,0
1354,1,1
1354,2,0
1354,3,1
1354,4,1
1354,5,1
1354,6,1
1354,7,1
1354,8,0
1354,9,0
1355,0,1
1355,1,0
1355,2,0
1355,3,1
1355,4,0
1355,5,1
1356,0,1
1356,1,0
1356,2,0
1357,0,0
1357,1,1
1357,2,1
1357,3,0
1357,4,0
1357,5,0
1357,6,0
1357,7,0
1357,8,0
1357,9,1
1358,0,1
1358,1,1
1358,2,0
1358,3,0
1359,0,0
1359,1,0
1359,2,0
1359,3,1
1359,4,1
1359,5,0
1360,0,0
1360,1,1
1360,2,1
1360,3,0
1360,4,1
1360,5,0
1360,6,0
1360,7,1
1360,8,0
1361,0,1
1361,1,0
1361,2,1
1361,3,0
1361,4,1
1362,0,1
1362,1,1
1362,2,0
1362,3,1
1362,4,0
1362,5,1
1362,6,0
1363,0,0
1363,1,0
1363,2,1
1363,3,0
1363,4,1
1363,5,1
1363,6,1
1363,7,1
1363,8,1
1363,9,1
1364,0,0
1364,1,0
1364,2,0
1364,3,0
1364,4,0
1364,5,0
1364,6,0
1364,7,1
1364,8,1
1364,9,0
1365,0,0
1365,1,0
1365,2,0
1365,3,1
1365,4,0
1365,5,0
1365,6,0
1365,7,1
1365,8,1
1365,9,1
1365,10,1
1366,0,0
1366,1,1
1366,2,0
1366,3,0
1366,4,0
1366,5,0
1367,0,0
1367,1,0
1367,2,0
1367,3,0
1367,4,1
1367,5,0
1367,6,1
1368,0,0
1368,1,0
1368,2,0
1368,3,1
1368,4,0
1368,5,0
1368,6,0
1368,7,1
1368,8,0
1369,0,0
1369,1,1
1369,2,0
1369,3,1
1369,4,1
1369,5,0
1369,6,1
1370,0,1
1370,1,1
1370,2,1
1370,3,1
1370,4,0
1370,5,0
1370,6,0
1370,7,1
1370,8,0
1371,0,0
1371,1,0
1371,2,0
1371,3,0
1371,4,1
1371,5,1
1371,6,0
1371,7,0
1371,8,1
1371,9,0
1372,0,1
1372,1,1
1372,2,1
1372,3,1
1372,4,0
1372,5,0
1372,6,0
1372,7,1
1372,8,1
1373,0,0
1373,1,1
1374,0,0
1374,1,0
1374,2,1
1374,3,0
1374,4,1
1374,5,0
1374,6,0
1374,7,1
1374,8,1
1375,0,1
1375,1,1
1375,2,1
1375,3,0
1375,4,0
1375,5,0
1376,0,0
1376,1,1
1377,0,1
1377,1,0
1377,2,1
1377,3,0
1377,4,0
1377,5,1
1377,6,1
1378,0,0
1378,1,0
1378,2,0
1378,3,0
1378,4,1
1378,5,1
1379,0,1
1379,1,0
1379,2,1
1379,3,1
1379,4,1
1379,5,1
1379,6,1
1379,7,1
1379,8,0
1379,9,0
1380,0,0
1380,1,1
1380,2,0
1380,3,0
1380,4,1
1381,0,1
1381,1,0
1381,2,0
1381,3,0
1381,4,0
1381,5,1
1382,0,1
1382,1,0
1382,2,0
1382,3,0
1382,4,1
1382,5,0
1382,6,1
1383,0,0
1383,1,1
1383,2,0
1383,3,0
1383,4,0
1384,0,0
1384,1,1
1384,2,1
1384,3,1
1384,4,0
1384,5,1
1384,6,0
1385,0,0
1385,1,0
1385,2,1
1385,3,0
1385,4,1
1385,5,1
1385,6,0
1385,7,0
1385,8,1
1386,0,0
1386,1,0
1386,2,1
1386,3,0
1386,4,0
1386,5,1
1386,6,1
1386,7,1
1387,0,1
1387,1,0
1387,2,1
1388,0,0
1388,1,1
1388,2,0
1388,3,0
1388,4,1
1388,5,1
1388,6,1
1389,0,1
1389,1,1
1389,2,0
1389,3,1
1389,4,1
1389,5,1
1389,6,0
1390,0,1
1390,1,1
1390,2,1
1390,3,0
1390,4,0
1391,0,0
1391,1,0
1391,2,1
1392,0,0
1392,1,1
1392,2,0
1392,3,0
1392,4,1
1392,5,0
1392,6,0
1392,7,0
1393,0,0
1393,1,0
1393,2,0
1393,3,1
1393,4,0
1393,5,1
1393,6,0
1394,0,1
1394,1,0
1394,2,1
1394,3,1
1394,4,0
1394,5,1
1394,6,1
1395,0,1
1395,1,1
1395,2,0
1395,3,0
1396,0,1
1396,1,1
1396,2,1
1396,3,0
1396,4,0
1396,5,0
1396,6,0
1396,7,0
1396,8,1
1397,0,0
1397,1,1
1397,2,0
1397,3,1
1397,4,1
1397,5,0
1398,0,1
1398,1,0
1398,2,0
1398,3,1
1398,4,0
1398,5,0
1398,6,1
1398,7,1
1398,8,0
1398,9,0
1399,0,1
1399,1,1
1399,2,1
1399,3,1
1399,4,1
1400,0,0
1400,1,0
1400,2,1
1400,3,0
1401,0,1
1401,1,1
1401,2,0
1401,3,1
1401,4,0
1401,5,1
1401,6,1
1401,7,0
1401,8,0
1402,0,0
1402,1,0
1402,2,1
1402,3,0
1402,4,0
1402,5,1
1402,6,1
1403,0,1
1403,1,1
1403,2,0
1403,3,0
1403,4,0
1403,5,1
1403,6,1
1404,0,0
1404,1,1
1404,2,1
1404,3,1
1404,4,1
1404,5,1
1404,6,0
1405,0,0
1405,1,1
1405,2,1
1405,3,1
1406,0,1
1406,1,1
1406,2,0
1406,3,1
1406,4,1
1406,5,0
1407,0,1
1407,1,0
1407,2,0
1408,0,0
1408,1,0
1408,2,0
1408,3,0
1408,4,1
1408,5,1
1408,6,0
1408,8,1
1409,0,0
1409,1,0
1409,2,1
1409,3,1
1409,4,1
1410,0,0
1410,1,1
1410,2,1
1411,0,1
1411,1,0
1411,2,0
1411,4,0
1412,0,1
1412,1,1
1412,2,0
1412,3,0
1412,4,0
1412,5,0
1413,0,1
1413,1,1
1413,2,1
1413,3,0
1414,0,0
1414,1,0
1414,2,1
1415,0,0
1415,1,0
1415,2,1
1415,3,0
1415,4,0
1415,5,1
1415,6,1
1415,7,0
1415,8,1
1415,9,1
1415,10,1
1416,0,1
1416,1,0
1416,2,0
1416,3,0
1416,4,1
1416,5,0
1416,6,0
1417,0,1
1417,1,0
1417,2,0
1417,3,1
1417,4,1
1417,5,1
1417,6,1
1417,7,1
1418,0,0
1418,1,1
1418,2,1
1418,3,1
1418,4,0
1418,5,0
1418,6,0
1418,7,0
1419,0,1
1419,1,1
1419,2,0
1419,3,0
1419,4,0
1419,5,1
1420,0,1
1420,1,1
1420,2,1
1420,3,1
1420,4,1
1420,5,1
1420,6,0
1420,7,0
1420,8,1
1421,0,1
1421,1,1
1421,2,1
1421,3,1
1421,4,0
1421,5,1
1422,0,0
1422,1,1
1422,2,1
1422,3,1
1423,0,0
1423,1,0
1423,2,1
1423,3,0
1423,4,1
1423,5,1
1423,6,1
1423,7,0
1423,8,1
1423,9,0
1424,0,0
1424,1,1
1424,2,0
1424,3,0
1424,4,1
1425,0,0
1425,1,0
1425,2,1
1425,3,0
1425,4,0
1425,5,0
1426,0,1
1426,1,1
1426,2,1
1426,3,1
1426,4,1
1426,5,0
1427,0,1
1427,1,0
1427,2,0
1427,3,0
1427,4,0
1427,5,1
1427,6,1
1427,7,0
1427,8,0
1427,9,1
1428,0,0
1428,1,1
1428,2,0
1428,3,1
1428,4,1
1428,5,1
1428,6,1
1429,0,1
1429,1,0
1429,2,1
1429,3,1
1430,0,1
1430,1,0
1430,2,0
1430,3,0
1430,4,0
1430,5,0
1430,6,1
1430,7,0
1430,8,0
1430,9,0
1431,0,0
1431,1,1
1431,2,1
1431,3,1
1431,4,0
1432,0,0
1432,1,1
1432,2,1
1432,3,1
1432,4,0
1432,5,0
1432,6,1
1433,0,1
1433,1,1
1433,2,1
1434,0,0
1434,1,1
1434,2,1
1435,0,0
1435,1,1
1435,2,1
1435,3,1
1435,4,1
1436,0,1
1436,1,1
1436,2,0
1436,3,0
1436,4,0
1436,5,0
1436,6,0
1436,7,0
1436,8,1
1437,0,1
1437,1,0
1437,2,0
1438,0,1
1438,1,0
1438,2,0
1438,3,0
1438,4,0
1438,5,0
1438,6,0
1439,0,1
1439,1,1
1439,2,1
1439,3,1
1439,4,0
1439,5,1
1439,6,1
1439,7,0
1439,8,0
1439,9,0
1440,0,1
1440,1,0
1440,2,1
1440,3,1
1440,4,0
1441,0,1
1441,1,0
1441,2,1
1442,0,0
1442,1,0
1443,0,1
1443,1,0
1443,2,0
1443,3,1
1443,4,1
1443,5,0
1443,6,1
1443,7,0
1443,8,1
1443,9,0
1444,0,0
1444,1,1
1444,2,0
1444,3,0
1444,4,0
1444,5,0
1445,0,0
1445,1,0
1445,2,1
1445,3,1
1446,0,1
1446,1,1
1446,2,0
1446,3,1
1446,4,0
1446,5,1
1447,0,1
1447,1,1
1447,2,0
1447,3,0
1447,4,1
1447,5,0
1447,6,0
1447,7,1
1448,0,1
1448,1,1
1448,2,0
1448,3,0
1448,4,0
1448,5,0
1448,6,0
1449,0,1
1449,1,0
1449,2,0
1449,3,0
1449,4,1
1449,5,0
1449,6,1
1450,0,1
1450,1,1
1450,2,1
1450,3,1
1450,4,1
1450,5,1
1451,0,1
1451,1,1
1452,0,0
1452,1,1
1452,2,0
1452,3,1
1452,4,0
1452,5,0
1452,6,0
1452,7,0
1452,8,0
1453,0,0
1453,1,1
1454,0,0
1454,1,1
1454,2,0
1454,3,1
1454,4,0
1455,0,0
1455,1,1
1455,2,0
1455,3,0
1455,4,0
1455,5,1
1455,6,1
1455,7,1
1455,8,0
1455,9,1
1456,0,1
1457,0,0
1457,1,1
1457,2,1
1457,3,1
1457,4,0
1457,5,1
1457,6,1
1457,7,1
1457,8,0
1458,0,0
1458,1,0
1458,2,1
1458,3,1
1458,4,0
1458,5,0
1459,0,0
1459,1,0
1459,2,0
1459,3,0
1459,4,0
1459,5,1
1459,6,0
1459,7,1
1460,0,0
1460,1,0
1460,2,1
1460,3,0
1460,4,0
1460,5,1
1461,0,1
1461,1,0
1461,2,1
1461,3,1
1461,4,1
1461,5,0
1461,6,1
1461,7,1
1461,8,0
1461,9,1
1461,10,1
1462,0,1
1462,1,1
1462,2,0
1463,0,1
1463,1,0
1463,2,0
1463,3,0
1463,4,1
1463,5,0
1464,0,1
1464,1,0
1464,2,1
1464,3,0
1465,0,0
1465,1,1
1465,2,0
1465,3,0
1465,4,0
1465,5,1
1465,6,0
1465,7,0
1465,8,1
1466,0,0
1466,1,1
1466,2,0
1466,3,1
1466,4,1
1466,5,1
1466,6,1
1466,7,1
1466,8,1
1466,9,1
1467,0,0
1467,1,1
1467,2,0
1467,3,1
1467,4,0
1467,5,1
1468,0,1
1468,1,1
1468,2,0
1468,3,1
1468,4,1
1469,0,1
1469,1,1
1469,2,1
1469,3,1
1469,4,1
1469,5,1
1469,6,1
1469,7,0
